21.3800787344
19.6706543295
19.4504244965
19.1845875519
19.1041556096
18.938179163
18.5810853372
18.5301644393
18.4260854637
18.1851974899
17.9481860889
17.760287855
17.6809931769
17.3584034256
17.2185607051
16.8200699067
16.7984275899
16.6671181663
16.3478565283
16.1046691034
15.638682385
15.26291503
15.1751235749
15.0786576465
14.6128743434
14.4109978623
14.3248809395
14.1710210742
14.0737957655
14.0737625029
14.0392553066
14.0280702082
13.7149639108
13.2860633025
13.2116967776
13.0784451375
12.8093221138
12.7840195933
12.6316349562
12.4791235069
11.9674158713
11.9268042929
11.6177586098
11.5058985979
11.4906381159
11.4692498362
11.2960339667
11.2701768643
11.1946700854
10.9988292427
10.9666586753
10.2611409664
10.1215035485
10.0390739208
9.95810720086
9.89268863958
9.81131280138
9.63258624802
9.62291598171
9.11590389978
8.78768815032
8.2393408496
7.97079898981
7.87542916239
7.71772056561
7.63216909445
7.43529416261
6.89179847088
6.36862435188
5.81303739174
5.68611495458
5.41207002821
5.25889920196
4.91520505845
2.99667217527
2.52830806198
