0 1 0.500554617342
0 2 0.160723093191
0 3 0.623801154352
0 4 0.550864258857
0 5 0.52826413978
0 6 0.544397767059
0 7 0.38016484245
0 8 0.380667957118
0 9 0.133444972378
0 10 0.128591342366
0 11 0.205808302183
0 12 0.35436334975
0 13 0.397273241156
0 14 0.228818134181
0 15 0.309136458285
0 16 0.419029857012
0 17 0.236239747936
0 18 0.213971544569
0 19 0.367238837317
0 20 0.335227025918
0 21 0.378032644587
0 22 0.250964954023
0 23 0.108185138133
0 24 0.378002435708
0 25 0.221653743943
0 26 0.267661428893
0 27 0.140529112579
0 28 0.137196050623
0 29 0.257758935207
0 30 0.321446642114
0 31 0.257181764413
0 32 0.284258169243
0 33 0.143024177856
0 34 0.243282064834
0 35 0.225999083725
0 36 0.299510089927
0 37 0.256747558962
0 38 0.0848214210824
0 39 0.0695637830291
0 40 0.0823062168224
0 41 0.321554533288
0 42 0.0406539053496
0 43 0.282654607309
0 44 0.306953222717
0 45 0.377442468118
0 46 0.174202546278
0 47 0.182196853198
0 48 0.353780377013
0 49 0.110738091882
0 50 0.132381375055
0 51 0.197054739892
0 52 0.296330091036
0 53 0.122459220611
0 54 0.1740477419
0 55 0.368554456306
0 56 0.383641767873
0 57 0.323673684195
0 58 0.0775058415778
0 59 0.149712530003
0 60 0.0558059646781
0 61 0.177299056951
0 62 0.172538977756
0 63 0.165063191305
0 64 0.175856857105
0 65 0.0311098739664
0 66 0.228898356672
0 67 0.343920966981
0 68 0.124113916438
0 69 0.211102337403
0 70 0.278334600058
0 71 0.314128612162
0 72 0.162478690661
0 73 0.100403346665
0 74 0.0830841245157
0 75 0.174702351398
1 2 0.131303919356
1 3 0.474852624538
1 4 0.475213449093
1 5 0.269076589117
1 6 0.389273257366
1 7 0.351505422465
1 8 0.298976946166
1 9 0.149177051053
1 10 0.106385491271
1 11 0.207083292019
1 12 0.305132147243
1 13 0.354199751032
1 14 0.238392637309
1 15 0.298601944622
1 16 0.27545283815
1 17 0.257769053995
1 18 0.217835832292
1 19 0.422745666146
1 20 0.346918808688
1 21 0.286552844764
1 22 0.242381651757
1 23 0.095935445731
1 24 0.243324630626
1 25 0.197127874148
1 26 0.149111585121
1 27 0.117431744595
1 28 0.133848058724
1 29 0.197758478503
1 30 0.223295572174
1 31 0.146092408065
1 32 0.203773047229
1 33 0.119786237701
1 34 0.16910931147
1 35 0.176800497971
1 36 0.201417224873
1 37 0.177786596779
1 38 0.0701894804324
1 39 0.0942591726043
1 40 0.0697972573032
1 41 0.276672630758
1 42 0.0358659231717
1 43 0.160391186484
1 44 0.218805556953
1 45 0.233324040009
1 46 0.16111470945
1 47 0.190764907598
1 48 0.232715224463
1 49 0.133113166173
1 50 0.11884270927
1 51 0.144807511782
1 52 0.199526891317
1 53 0.139044882145
1 54 0.163438556284
1 55 0.2315703452
1 56 0.234830419746
1 57 0.205871885395
1 58 0.1019279344
1 59 0.136750547054
1 60 0.0589818338133
1 61 0.154997176194
1 62 0.171364178107
1 63 0.157983993791
1 64 0.192471044162
1 65 0.031284644703
1 66 0.217841793515
1 67 0.212279589673
1 68 0.0852595153124
1 69 0.202675490313
1 70 0.17548205837
1 71 0.22467476549
1 72 0.154463349374
1 73 0.102115299036
1 74 0.0922523966524
1 75 0.1389210305
2 3 0.236003067901
2 4 0.145082374635
2 5 0.183343396339
2 6 0.199885039278
2 7 0.140865971744
2 8 0.0927025936383
2 9 0.0424731602604
2 10 0.0374385504895
2 11 0.11185172337
2 12 0.0974617096174
2 13 0.135767937965
2 14 0.111545124278
2 15 0.171274312162
2 16 0.0575749737434
2 17 0.141110727764
2 18 0.0594405956525
2 19 0.110399774806
2 20 0.128821208105
2 21 0.0635503768792
2 22 0.0807056228043
2 23 0.0377914283677
2 24 0.0545898266991
2 25 0.065795888129
2 26 0.039898631304
2 27 0.0365649354157
2 28 0.0430869114113
2 29 0.0818063117064
2 30 0.0840055594328
2 31 0.0357521619266
2 32 0.04080099229
2 33 0.037117998724
2 34 0.0453628582242
2 35 0.0384878991565
2 36 0.0459402876635
2 37 0.0507840939348
2 38 0.0241281954594
2 39 0.0313217047954
2 40 0.0367438621461
2 41 0.0953385116107
2 42 0.014710813931
2 43 0.0420778105725
2 44 0.0639083297982
2 45 0.0602824555707
2 46 0.0561657482653
2 47 0.0790549132085
2 48 0.0667093129642
2 49 0.0503399358725
2 50 0.0597848424134
2 51 0.0432510278881
2 52 0.0538804438534
2 53 0.0430655574493
2 54 0.066747515616
2 55 0.079858358876
2 56 0.0559090665493
2 57 0.0529712346672
2 58 0.0338554097614
2 59 0.0592844031983
2 60 0.0200606232948
2 61 0.033053712008
2 62 0.0868878034879
2 63 0.0665845664883
2 64 0.0952701699007
2 65 0.0141768716588
2 66 0.106197859881
2 67 0.0496739169308
2 68 0.032777266079
2 69 0.0752089530862
2 70 0.0443372920883
2 71 0.0580278762345
2 72 0.0698451636777
2 73 0.0428495678071
2 74 0.0269009052408
2 75 0.0437169875114
3 4 0.535509116468
3 5 0.411086505207
3 6 0.560230817124
3 7 0.563494450107
3 8 0.421557243284
3 9 0.176487326211
3 10 0.156941203322
3 11 0.274649115733
3 12 0.340789350088
3 13 0.482866848707
3 14 0.317165660116
3 15 0.387172527588
3 16 0.38126206596
3 17 0.327384192841
3 18 0.203511516407
3 19 0.363614885042
3 20 0.388738660626
3 21 0.345977719876
3 22 0.258330804102
3 23 0.164067649258
3 24 0.410399946276
3 25 0.250467913353
3 26 0.278649148331
3 27 0.164866149222
3 28 0.157366180066
3 29 0.274042735577
3 30 0.355481204388
3 31 0.263585806224
3 32 0.291822796587
3 33 0.167479629802
3 34 0.260557594426
3 35 0.267998535502
3 36 0.310611967973
3 37 0.271289365862
3 38 0.146191784756
3 39 0.103693385182
3 40 0.113570375511
3 41 0.397971851033
3 42 0.0538422435221
3 43 0.276671371383
3 44 0.339772292283
3 45 0.3649207628
3 46 0.227046591073
3 47 0.230467446385
3 48 0.404340258997
3 49 0.161329442823
3 50 0.217383361452
3 51 0.242250095888
3 52 0.325342169928
3 53 0.182736731647
3 54 0.33208577102
3 55 0.398011328944
3 56 0.36330142799
3 57 0.327142180863
3 58 0.144563574099
3 59 0.253941142638
3 60 0.0914694620913
3 61 0.244426776314
3 62 0.197075346212
3 63 0.210527377352
3 64 0.269402961726
3 65 0.0481801405889
3 66 0.302223179654
3 67 0.329402812043
3 68 0.167733897897
3 69 0.340014902592
3 70 0.263034412955
3 71 0.469104023861
3 72 0.225040281271
3 73 0.125414802727
3 74 0.136511501756
3 75 0.233827786691
4 5 0.330215423525
4 6 0.450126210438
4 7 0.355296821364
4 8 0.327623212017
4 9 0.131625681117
4 10 0.101023726613
4 11 0.194302132988
4 12 0.294347849539
4 13 0.357520947273
4 14 0.205501660359
4 15 0.275926338299
4 16 0.365187586146
4 17 0.209788395898
4 18 0.156499688802
4 19 0.325739056764
4 20 0.296849939456
4 21 0.403421859645
4 22 0.307579295797
4 23 0.127048364
4 24 0.374182194003
4 25 0.20508221408
4 26 0.231924037565
4 27 0.167514064634
4 28 0.109265557594
4 29 0.250199696074
4 30 0.296712678133
4 31 0.245762912479
4 32 0.276701526096
4 33 0.169733708615
4 34 0.216320631989
4 35 0.210199706318
4 36 0.285642513913
4 37 0.266459400207
4 38 0.0786251927016
4 39 0.063993776428
4 40 0.0629015931853
4 41 0.330874409362
4 42 0.040425576554
4 43 0.249602331642
4 44 0.288800455483
4 45 0.349623384554
4 46 0.156979139527
4 47 0.179103880361
4 48 0.349645616522
4 49 0.129262041805
4 50 0.151639068851
4 51 0.230853480142
4 52 0.280766737643
4 53 0.119579945253
4 54 0.165324165778
4 55 0.289345644794
4 56 0.355497361443
4 57 0.296445224661
4 58 0.0695066037379
4 59 0.150410775527
4 60 0.068070181525
4 61 0.190246728516
4 62 0.139221086285
4 63 0.136013582235
4 64 0.187596586782
4 65 0.0303304842735
4 66 0.200173326539
4 67 0.310591674529
4 68 0.104665799849
4 69 0.210334568935
4 70 0.252612927119
4 71 0.327415235764
4 72 0.121117498529
4 73 0.0917880857401
4 74 0.0781664766697
4 75 0.153015825033
5 6 0.426982997954
5 7 0.281788207765
5 8 0.298479212304
5 9 0.0721438536638
5 10 0.0553093304122
5 11 0.117671491142
5 12 0.254687369272
5 13 0.268213575915
5 14 0.175939284654
5 15 0.178025849041
5 16 0.427947045937
5 17 0.105212100792
5 18 0.147455696135
5 19 0.154241350355
5 20 0.1532767386
5 21 0.327037462655
5 22 0.1620464605
5 23 0.0448753968119
5 24 0.318549533257
5 25 0.186789663213
5 26 0.252835947244
5 27 0.0513098759608
5 28 0.0881522110457
5 29 0.146842805997
5 30 0.303233689117
5 31 0.238510111378
5 32 0.325719196531
5 33 0.0526290509641
5 34 0.200796594994
5 35 0.129869922805
5 36 0.272467836824
5 37 0.184210901833
5 38 0.0448247456909
5 39 0.0619947296175
5 40 0.0655659516375
5 41 0.276440572965
5 42 0.0391522999833
5 43 0.240879165305
5 44 0.299298545533
5 45 0.381865612352
5 46 0.122181765535
5 47 0.106231198703
5 48 0.362125566026
5 49 0.0888993374451
5 50 0.0800507091777
5 51 0.223284583653
5 52 0.307965328401
5 53 0.110601189141
5 54 0.126176514139
5 55 0.33154253022
5 56 0.401004666797
5 57 0.314667662013
5 58 0.0694300079314
5 59 0.121375151197
5 60 0.0631795275436
5 61 0.198433616294
5 62 0.0971456822227
5 63 0.101128656874
5 64 0.105666076313
5 65 0.0173476736965
5 66 0.136454551568
5 67 0.399362967892
5 68 0.0871289157973
5 69 0.138868830609
5 70 0.285116819281
5 71 0.273168776567
5 72 0.10572360317
5 73 0.0665504466616
5 74 0.0846494885569
5 75 0.152154057868
6 7 0.514032464573
6 8 0.416691167414
6 9 0.118808914096
6 10 0.132927227764
6 11 0.257058217772
6 12 0.373983934252
6 13 0.459190029763
6 14 0.256235872943
6 15 0.3190997937
6 16 0.457570271569
6 17 0.298803269421
6 18 0.19246288552
6 19 0.217580269958
6 20 0.275001941266
6 21 0.387587787426
6 22 0.201493666114
6 23 0.0935990161832
6 24 0.424546782225
6 25 0.237208095068
6 26 0.263069247048
6 27 0.094938104197
6 28 0.121351738715
6 29 0.220313326637
6 30 0.321897075795
6 31 0.275072457356
6 32 0.307643852215
6 33 0.0977656913528
6 34 0.267873201898
6 35 0.233951106505
6 36 0.342887715313
6 37 0.242721799836
6 38 0.0938585015753
6 39 0.0714957146644
6 40 0.099040664785
6 41 0.368045152359
6 42 0.0514925131805
6 43 0.313205928944
6 44 0.351666706205
6 45 0.438676103733
6 46 0.158563276574
6 47 0.209363075692
6 48 0.421221658253
6 49 0.126889188678
6 50 0.136713287377
6 51 0.244737970258
6 52 0.387461431317
6 53 0.108727316989
6 54 0.195915776553
6 55 0.39864769696
6 56 0.438749416992
6 57 0.366396490486
6 58 0.0827969327956
6 59 0.158824072602
6 60 0.0554905857392
6 61 0.194199209261
6 62 0.143031421217
6 63 0.159184133137
6 64 0.199519361172
6 65 0.0292283524808
6 66 0.203060769794
6 67 0.395203394213
6 68 0.127221187712
6 69 0.265189281893
6 70 0.329717720642
6 71 0.374705006527
6 72 0.175908757037
6 73 0.0602309516408
6 74 0.0914178534956
6 75 0.164527675826
7 8 0.307567488855
7 9 0.239155197129
7 10 0.208721602767
7 11 0.326009224533
7 12 0.30314982644
7 13 0.501571058025
7 14 0.397142000462
7 15 0.389476200623
7 16 0.223358172657
7 17 0.367794299546
7 18 0.227772724998
7 19 0.261218501672
7 20 0.413427355392
7 21 0.240762590646
7 22 0.271657401798
7 23 0.184613147722
7 24 0.309697093879
7 25 0.200951478952
7 26 0.179015825519
7 27 0.14688519783
7 28 0.137860366856
7 29 0.213275289744
7 30 0.244681936965
7 31 0.15831441037
7 32 0.175273283428
7 33 0.146906349843
7 34 0.206204103444
7 35 0.246823288065
7 36 0.23481662804
7 37 0.209120469203
7 38 0.166706099685
7 39 0.107512092916
7 40 0.101655752281
7 41 0.359901736332
7 42 0.0656384069669
7 43 0.219515794212
7 44 0.222104852102
7 45 0.222598202903
7 46 0.230796763301
7 47 0.265881625647
7 48 0.298068483321
7 49 0.17284293111
7 50 0.260804909805
7 51 0.156816303464
7 52 0.291663656843
7 53 0.172582447834
7 54 0.30878742227
7 55 0.31008386078
7 56 0.207379107022
7 57 0.23789653775
7 58 0.131026145467
7 59 0.248412081646
7 60 0.113593886416
7 61 0.24518298765
7 62 0.192418351634
7 63 0.21285531365
7 64 0.422992784562
7 65 0.0636722642242
7 66 0.260822992074
7 67 0.182770508636
7 68 0.137969466552
7 69 0.399674066305
7 70 0.172479579813
7 71 0.417207616744
7 72 0.253646176478
7 73 0.123319044786
7 74 0.121176996213
7 75 0.191336494046
8 9 0.0863406866276
8 10 0.0853186514464
8 11 0.234456425679
8 12 0.318333001544
8 13 0.399142776818
8 14 0.254488366326
8 15 0.211173937496
8 16 0.403295793692
8 17 0.223066832995
8 18 0.174007396064
8 19 0.253921462302
8 20 0.269087188747
8 21 0.340920782351
8 22 0.174174555295
8 23 0.0892629776453
8 24 0.341842074594
8 25 0.223769490377
8 26 0.224884866993
8 27 0.0809517082904
8 28 0.126173898102
8 29 0.185134879327
8 30 0.254191855648
8 31 0.220530016152
8 32 0.280428267677
8 33 0.0824267580877
8 34 0.229287725082
8 35 0.233902854354
8 36 0.294284031529
8 37 0.213965198143
8 38 0.0695367744978
8 39 0.0971360247649
8 40 0.0769058909031
8 41 0.317711513322
8 42 0.0395961473251
8 43 0.245870794635
8 44 0.316651478569
8 45 0.346504881153
8 46 0.151190251253
8 47 0.177591255619
8 48 0.340978586874
8 49 0.136854196915
8 50 0.125311322257
8 51 0.186821159099
8 52 0.299137171139
8 53 0.116802247416
8 54 0.177253349532
8 55 0.371788249323
8 56 0.347273745567
8 57 0.318488390883
8 58 0.0965503513018
8 59 0.123615210528
8 60 0.0653895756789
8 61 0.228862212885
8 62 0.157979077244
8 63 0.15293501152
8 64 0.167389248948
8 65 0.0306614874881
8 66 0.238490734862
8 67 0.345865577961
8 68 0.103553841075
8 69 0.190675182869
8 70 0.282678128731
8 71 0.335559306509
8 72 0.159953338949
8 73 0.0969773504011
8 74 0.103747873594
8 75 0.154539306574
9 10 0.145468283925
9 11 0.095614240894
9 12 0.104178554197
9 13 0.190786051397
9 14 0.138795652743
9 15 0.131162332458
9 16 0.0903396713696
9 17 0.0868249853915
9 18 0.133712011264
9 19 0.140470607174
9 20 0.169207658938
9 21 0.0793224061826
9 22 0.146670446396
9 23 0.141936076806
9 24 0.125879752858
9 25 0.132804875275
9 26 0.080503670012
9 27 0.119372045675
9 28 0.107881226
9 29 0.137262655022
9 30 0.121200343294
9 31 0.0624294234757
9 32 0.10632249655
9 33 0.118608619314
9 34 0.0935317181118
9 35 0.098895362259
9 36 0.0949859864599
9 37 0.111947188058
9 38 0.0813512410603
9 39 0.0974939940342
9 40 0.0719834753097
9 41 0.128197742999
9 42 0.0513304971915
9 43 0.0645624007711
9 44 0.0814799562984
9 45 0.0438596025999
9 46 0.145609580345
9 47 0.110524777252
9 48 0.104121391998
9 49 0.12483863873
9 50 0.170788747574
9 51 0.0726154325944
9 52 0.0737144092015
9 53 0.125034092321
9 54 0.127158026097
9 55 0.0978938936783
9 56 0.0367836596354
9 57 0.0629867003666
9 58 0.0998217675307
9 59 0.198087615068
9 60 0.0760417810921
9 61 0.0636652081411
9 62 0.0784145390056
9 63 0.109141768904
9 64 0.13322025489
9 65 0.0362039482649
9 66 0.122413201504
9 67 0.030066324703
9 68 0.0369817246995
9 69 0.128175219681
9 70 0.0543756649717
9 71 0.116305557951
9 72 0.119878576029
9 73 0.0535841585945
9 74 0.0999065824976
9 75 0.0864156521843
10 11 0.080677956035
10 12 0.086830318153
10 13 0.129248211417
10 14 0.120949671873
10 15 0.127892438617
10 16 0.0613850073103
10 17 0.0658645654455
10 18 0.0818704241014
10 19 0.0751835775456
10 20 0.112953596533
10 21 0.0540684122611
10 22 0.100640597468
10 23 0.0713281080888
10 24 0.143526458368
10 25 0.0508824642067
10 26 0.0436128694782
10 27 0.0628667450155
10 28 0.0463974097405
10 29 0.0814480932815
10 30 0.0743426417828
10 31 0.0433510099261
10 32 0.0404572593647
10 33 0.0633262581916
10 34 0.0574379532494
10 35 0.0774764154135
10 36 0.0485180254802
10 37 0.0642364311312
10 38 0.0374981175989
10 39 0.0380452981932
10 40 0.0496735121791
10 41 0.0994787598628
10 42 0.0301908322493
10 43 0.0532414207128
10 44 0.0661058699323
10 45 0.0499216874527
10 46 0.0699979361192
10 47 0.0886905673172
10 48 0.119569005567
10 49 0.0719403538253
10 50 0.103613580179
10 51 0.0580965029488
10 52 0.069620119127
10 53 0.0920551570411
10 54 0.103230594521
10 55 0.0707767163196
10 56 0.0469745201364
10 57 0.0514795126073
10 58 0.0452170559551
10 59 0.0836739648202
10 60 0.0266113450669
10 61 0.064709312044
10 62 0.0629738635977
10 63 0.072840947741
10 64 0.0760843966578
10 65 0.0222951011514
10 66 0.089850422643
10 67 0.032842531646
10 68 0.0379204431142
10 69 0.135229711085
10 70 0.0428942346764
10 71 0.112574438749
10 72 0.0654896187317
10 73 0.0211071724701
10 74 0.0376226752078
10 75 0.0610793254736
11 12 0.152261975308
11 13 0.406252549169
11 14 0.417380672376
11 15 0.266145956409
11 16 0.0993107718062
11 17 0.537862274764
11 18 0.136423799648
11 19 0.185524869226
11 20 0.321385717673
11 21 0.124126617515
11 22 0.145055982404
11 23 0.122942362972
11 24 0.103212665341
11 25 0.121474877155
11 26 0.0772954176684
11 27 0.0666430320866
11 28 0.0959037232536
11 29 0.1285922802
11 30 0.13243446768
11 31 0.062690305009
11 32 0.0584243933452
11 33 0.0698509474646
11 34 0.0780351031778
11 35 0.11167355394
11 36 0.100110941769
11 37 0.0925559880157
11 38 0.0782347118873
11 39 0.0964425421557
11 40 0.0417795294355
11 41 0.275534989388
11 42 0.0352667052003
11 43 0.0868181256225
11 44 0.126915662856
11 45 0.128700553186
11 46 0.110036973805
11 47 0.308079932839
11 48 0.102624012425
11 49 0.152271348945
11 50 0.17916601407
11 51 0.0845983965353
11 52 0.10145464272
11 53 0.106818412377
11 54 0.191132942768
11 55 0.111362116578
11 56 0.112419592576
11 57 0.106758388845
11 58 0.113373776135
11 59 0.168211664718
11 60 0.0503392074414
11 61 0.0970303742812
11 62 0.149018658301
11 63 0.176087504225
11 64 0.383199854835
11 65 0.0435988219149
11 66 0.210183575985
11 67 0.0796272240494
11 68 0.0907498975853
11 69 0.213396823683
11 70 0.0821385709683
11 71 0.140122582772
11 72 0.182590649648
11 73 0.0776227490087
11 74 0.0624249093487
11 75 0.0952910575112
12 13 0.364850880569
12 14 0.218889836482
12 15 0.205766964664
12 16 0.321591387488
12 17 0.193912165997
12 18 0.192485891118
12 19 0.339347093838
12 20 0.308343003697
12 21 0.254104613349
12 22 0.197672371882
12 23 0.0793416407764
12 24 0.222285963365
12 25 0.200008719149
12 26 0.194575288057
12 27 0.0766485732348
12 28 0.161507094068
12 29 0.167793236389
12 30 0.203824820267
12 31 0.149719882821
12 32 0.237745927321
12 33 0.0787316398881
12 34 0.183095490109
12 35 0.148490669217
12 36 0.225882400879
12 37 0.166395903401
12 38 0.0617159766168
12 39 0.139477469903
12 40 0.0784852790123
12 41 0.222042458803
12 42 0.0349287463275
12 43 0.207340494689
12 44 0.272753593121
12 45 0.276576953582
12 46 0.178234619876
12 47 0.181824859684
12 48 0.253838070464
12 49 0.168651480517
12 50 0.11761085029
12 51 0.139698220694
12 52 0.238825813135
12 53 0.120619055354
12 54 0.168172689113
12 55 0.260824534465
12 56 0.258706119779
12 57 0.223616127799
12 58 0.147565242954
12 59 0.122197814591
12 60 0.0961981413116
12 61 0.14721165758
12 62 0.184558239922
12 63 0.175346412688
12 64 0.133887972624
12 65 0.0305035462572
12 66 0.243604589388
12 67 0.250756152994
12 68 0.0670135302891
12 69 0.176079127307
12 70 0.189614690491
12 71 0.23246471899
12 72 0.159161001932
12 73 0.142935675435
12 74 0.113896078792
12 75 0.115529012089
13 14 0.441945061098
13 15 0.332311714039
13 16 0.308020682549
13 17 0.451578221482
13 18 0.247956190793
13 19 0.344504555918
13 20 0.442396241515
13 21 0.290494333771
13 22 0.238351180057
13 23 0.149770892358
13 24 0.277868139722
13 25 0.239377710249
13 26 0.198482404799
13 27 0.115164217677
13 28 0.179737025417
13 29 0.228519154345
13 30 0.258211957258
13 31 0.165499542697
13 32 0.213016516311
13 33 0.117669945075
13 34 0.211482572414
13 35 0.229838586641
13 36 0.257903352603
13 37 0.209449759393
13 38 0.096805740616
13 39 0.14520436494
13 40 0.100400123821
13 41 0.37704425086
13 42 0.0781237501114
13 43 0.207136801781
13 44 0.285034077763
13 45 0.310248817905
13 46 0.193699052366
13 47 0.29083351428
13 48 0.311147052402
13 49 0.211049898734
13 50 0.248412319806
13 51 0.1974320989
13 52 0.283557063163
13 53 0.216631526535
13 54 0.266800436019
13 55 0.301433668323
13 56 0.293763945709
13 57 0.271342249299
13 58 0.155264766979
13 59 0.235690680052
13 60 0.0795495042797
13 61 0.164976829801
13 62 0.250654316138
13 63 0.275174507601
13 64 0.381011522718
13 65 0.0844869904044
13 66 0.295571799572
13 67 0.253425213426
13 68 0.129569104511
13 69 0.321372795457
13 70 0.224514857684
13 71 0.304844315536
13 72 0.253934524813
13 73 0.12757922455
13 74 0.115305748913
13 75 0.168694336433
14 15 0.274533870882
14 16 0.150174093566
14 17 0.392184450324
14 18 0.346966233857
14 19 0.185259404817
14 20 0.359562027938
14 21 0.150196065045
14 22 0.334894620637
14 23 0.146736982615
14 24 0.149298272774
14 25 0.127455754689
14 26 0.110446903615
14 27 0.091637834776
14 28 0.109002471515
14 29 0.178902802105
14 30 0.166597458407
14 31 0.0811145951195
14 32 0.082368463695
14 33 0.0922349749333
14 34 0.0979386805801
14 35 0.14729325413
14 36 0.131163503397
14 37 0.133601688462
14 38 0.0909955123765
14 39 0.103751885721
14 40 0.14602440093
14 41 0.323852171385
14 42 0.0609771187865
14 43 0.117848692064
14 44 0.147061872474
14 45 0.133538866958
14 46 0.143527415062
14 47 0.34589963749
14 48 0.144590871244
14 49 0.146661576966
14 50 0.22723130697
14 51 0.0950921019836
14 52 0.15387304055
14 53 0.156787029606
14 54 0.315839158865
14 55 0.181614979271
14 56 0.120367630535
14 57 0.136879379139
14 58 0.103332201233
14 59 0.23837632654
14 60 0.0712863274829
14 61 0.130430189862
14 62 0.230072702073
14 63 0.278919872495
14 64 0.371087029551
14 65 0.054805776044
14 66 0.259843545066
14 67 0.10974690748
14 68 0.121631322802
14 69 0.252140484391
14 70 0.102515597476
14 71 0.186549826411
14 72 0.308026785035
14 73 0.201567536425
14 74 0.0720510458143
14 75 0.126243597872
15 16 0.124322473024
15 17 0.276133392045
15 18 0.143796196447
15 19 0.241455730641
15 20 0.350378016327
15 21 0.140386335825
15 22 0.188026047998
15 23 0.122409575607
15 24 0.138498235477
15 25 0.1658805464
15 26 0.0917959012521
15 27 0.0993128036035
15 28 0.134308001222
15 29 0.161491198218
15 30 0.132467164738
15 31 0.0754402921275
15 32 0.134278625316
15 33 0.100107993889
15 34 0.0997477751932
15 35 0.118889649131
15 36 0.108866496489
15 37 0.121608986503
15 38 0.0815384549428
15 39 0.133596938419
15 40 0.0860557815803
15 41 0.216137234133
15 42 0.0347840624271
15 43 0.0819223291462
15 44 0.127669953653
15 45 0.103993243316
15 46 0.154536557715
15 47 0.160954515464
15 48 0.142687354928
15 49 0.165315227184
15 50 0.190079851497
15 51 0.0793112164041
15 52 0.11863171774
15 53 0.0992860085938
15 54 0.181475486549
15 55 0.140752536917
15 56 0.0964624834764
15 57 0.11334137057
15 58 0.142744008398
15 59 0.142557118191
15 60 0.0833348181647
15 61 0.0734500400042
15 62 0.138545764347
15 63 0.161465948293
15 64 0.268749998485
15 65 0.0377188323166
15 66 0.161665502685
15 67 0.0789447123844
15 68 0.0898124379432
15 69 0.202485124711
15 70 0.0857403406344
15 71 0.16543970546
15 72 0.166568319796
15 73 0.065128993604
15 74 0.108778347426
15 75 0.0978398790922
16 17 0.0953777278444
16 18 0.181785826935
16 19 0.191220085082
16 20 0.161161707659
16 21 0.400349276516
16 22 0.155494069764
16 23 0.0579490963589
16 24 0.503100201326
16 25 0.352825875326
16 26 0.313905767257
16 27 0.0457403845233
16 28 0.159726806714
16 29 0.186102373669
16 30 0.357559842655
16 31 0.325298094614
16 32 0.49200344273
16 33 0.0470864907137
16 34 0.270182335962
16 35 0.231528567993
16 36 0.341313190147
16 37 0.238155914441
16 38 0.0383252298539
16 39 0.139874671327
16 40 0.0357127070878
16 41 0.346797852092
16 42 0.0305393630852
16 43 0.350128228526
16 44 0.465147135266
16 45 0.530916727491
16 46 0.177565068631
16 47 0.0999014965868
16 48 0.525774199911
16 49 0.178740988413
16 50 0.0505070654758
16 51 0.319283378204
16 52 0.394382201012
16 53 0.112008065298
16 54 0.143936317541
16 55 0.461774983591
16 56 0.532114262254
16 57 0.413128631665
16 58 0.14755828949
16 59 0.109025564694
16 60 0.135384380268
16 61 0.222654105891
16 62 0.0890725149075
16 63 0.105715487476
16 64 0.061376852697
16 65 0.0124097293026
16 66 0.155245729513
16 67 0.4995470383
16 68 0.107549680693
16 69 0.139646281373
16 70 0.372909537947
16 71 0.362004440876
16 72 0.0970882427838
16 73 0.0615749853177
16 74 0.184432881038
16 75 0.197549090853
17 18 0.126831009692
17 19 0.259179019881
17 20 0.405122983439
17 21 0.116623931277
17 22 0.114804623648
17 23 0.0882416816255
17 24 0.0828532015674
17 25 0.114840467542
17 26 0.0675735986239
17 27 0.0671640084727
17 28 0.0840524368476
17 29 0.110574328259
17 30 0.102574954272
17 31 0.049459806053
17 32 0.0578927137438
17 33 0.0672960867969
17 34 0.0732599008851
17 35 0.119521566625
17 36 0.0914879601859
17 37 0.100423318822
17 38 0.0650581096153
17 39 0.0845564783011
17 40 0.0427185382879
17 41 0.231406725932
17 42 0.0263822101382
17 43 0.0811579932775
17 44 0.114785370162
17 45 0.157865193057
17 46 0.0967188564471
17 47 0.172741015486
17 48 0.0909759071788
17 49 0.11851838254
17 50 0.124884862597
17 51 0.0562419590956
17 52 0.112943143176
17 53 0.0933576424301
17 54 0.172561147568
17 55 0.122923460558
17 56 0.14299222253
17 57 0.10514338256
17 58 0.0939753238655
17 59 0.1343687464
17 60 0.043475353715
17 61 0.109034653918
17 62 0.126286289637
17 63 0.124912038505
17 64 0.365887578108
17 65 0.0423166750015
17 66 0.188468770385
17 67 0.0867768912429
17 68 0.0484069716737
17 69 0.230368675548
17 70 0.0900061913584
17 71 0.142913346644
17 72 0.145113014806
17 73 0.0622234467167
17 74 0.0640687041424
17 75 0.0874393999959
18 19 0.130234942047
18 20 0.213697774145
18 21 0.106252168143
18 22 0.201791954925
18 23 0.10894497667
18 24 0.111195557376
18 25 0.101785880893
18 26 0.169386436376
18 27 0.0564448087855
18 28 0.0820221326373
18 29 0.121884124922
18 30 0.121618152482
18 31 0.0808096122018
18 32 0.094231245275
18 33 0.057831418233
18 34 0.0721550777454
18 35 0.100520411791
18 36 0.112642091092
18 37 0.0891333969812
18 38 0.049403326482
18 39 0.0667641571989
18 40 0.0836165129303
18 41 0.172893416193
18 42 0.116814428967
18 43 0.0951117557187
18 44 0.131738076426
18 45 0.10839271962
18 46 0.126636140019
18 47 0.167769303406
18 48 0.126166462535
18 49 0.0910699098376
18 50 0.123113176338
18 51 0.0807218241028
18 52 0.117325339162
18 53 0.107164865332
18 54 0.203900218085
18 55 0.129011717906
18 56 0.0982218990993
18 57 0.101539932903
18 58 0.0702072750381
18 59 0.133464037909
18 60 0.100159486764
18 61 0.073316702615
18 62 0.134641495388
18 63 0.172069419027
18 64 0.164049819771
18 65 0.0299858293462
18 66 0.162923303479
18 67 0.117485827211
18 68 0.0502843479803
18 69 0.142240222401
18 70 0.0817683793899
18 71 0.113289245697
18 72 0.159105990607
18 73 0.145881945573
18 74 0.0592508202737
18 75 0.107719290268
19 20 0.343812753274
19 21 0.192141969142
19 22 0.176071705761
19 23 0.0887176914529
19 24 0.135422329155
19 25 0.261004379328
19 26 0.089794780661
19 27 0.131188115527
19 28 0.20984775008
19 29 0.215250423859
19 30 0.163847205599
19 31 0.0794222313791
19 32 0.211690578969
19 33 0.133108006835
19 34 0.121177800396
19 35 0.140121657055
19 36 0.13979234276
19 37 0.157007724122
19 38 0.068327965273
19 39 0.222950726945
19 40 0.0694124864504
19 41 0.232273490177
19 42 0.0313666646504
19 43 0.131606520903
19 44 0.212936579203
19 45 0.131563886205
19 46 0.206008319979
19 47 0.214442968666
19 48 0.176162620127
19 49 0.245541780188
19 50 0.122893956936
19 51 0.0797281613065
19 52 0.144858659857
19 53 0.183072006272
19 54 0.13396635533
19 55 0.128713051822
19 56 0.119498154378
19 57 0.130221661837
19 58 0.229531768406
19 59 0.116534521546
19 60 0.112779811249
19 61 0.0859370572163
19 62 0.212393294126
19 63 0.186926124211
19 64 0.164740667719
19 65 0.0320711829449
19 66 0.235073996571
19 67 0.123297638137
19 68 0.0562945022356
19 69 0.198869827781
19 70 0.0951623828642
19 71 0.171683606965
19 72 0.159483244093
19 73 0.105726004274
19 74 0.15660215239
19 75 0.0912922024105
20 21 0.173004088752
20 22 0.206530799658
20 23 0.105829016928
20 24 0.114675733739
20 25 0.193045608141
20 26 0.0926782520003
20 27 0.108167594272
20 28 0.195366746008
20 29 0.190662042485
20 30 0.133668812
20 31 0.0737991521
20 32 0.163123496907
20 33 0.108976566543
20 34 0.130697379591
20 35 0.116347312449
20 36 0.140218138421
20 37 0.137195757699
20 38 0.0940186968148
20 39 0.203723196368
20 40 0.060498933634
20 41 0.289544055174
20 42 0.0430792679695
20 43 0.110649825511
20 44 0.197115590815
20 45 0.138171356594
20 46 0.199944287612
20 47 0.233881374489
20 48 0.169835184994
20 49 0.20682927028
20 50 0.188283643448
20 51 0.0967884053289
20 52 0.160205041117
20 53 0.138045747618
20 54 0.231678476724
20 55 0.170529381409
20 56 0.120884749369
20 57 0.143808442083
20 58 0.213594301127
20 59 0.169721234015
20 60 0.108218190147
20 61 0.0930738181721
20 62 0.204594275709
20 63 0.209872302349
20 64 0.339088359211
20 65 0.0467048511202
20 66 0.231079148882
20 67 0.105019332802
20 68 0.0911888268735
20 69 0.283382685731
20 70 0.0919538990624
20 71 0.188358424316
20 72 0.210502361201
20 73 0.0940257796282
20 74 0.146463984667
20 75 0.121167391467
21 22 0.386463065999
21 23 0.0740007358577
21 24 0.349835297582
21 25 0.161880636069
21 26 0.212437406728
21 27 0.0715431491115
21 28 0.0710994637919
21 29 0.143266998348
21 30 0.246808966877
21 31 0.240938827033
21 32 0.261284423193
21 33 0.0729892077186
21 34 0.429478809157
21 35 0.369361003496
21 36 0.598120659196
21 37 0.349452256271
21 38 0.0736309630561
21 39 0.0313693673185
21 40 0.0434143866466
21 41 0.260147208433
21 42 0.0474588971585
21 43 0.523481897728
21 44 0.286071342772
21 45 0.778986251778
21 46 0.104663354021
21 47 0.114580520885
21 48 0.334785900081
21 49 0.0662196062267
21 50 0.120674769635
21 51 0.234298570904
21 52 0.634555483285
21 53 0.102375273518
21 54 0.124951632254
21 55 0.539296333636
21 56 0.779124007262
21 57 0.632224915104
21 58 0.0318355949263
21 59 0.115085609448
21 60 0.0399487150951
21 61 0.337639811097
21 62 0.096102057542
21 63 0.0929448640065
21 64 0.11486689805
21 65 0.0228075959847
21 66 0.140192209525
21 67 0.717910957763
21 68 0.0883026104073
21 69 0.149295895966
21 70 0.579681127172
21 71 0.592307717909
21 72 0.0872635217035
21 73 0.0546277591709
21 74 0.0554766409711
21 75 0.142722028428
22 23 0.156881624185
22 24 0.16208620778
22 25 0.115301024065
22 26 0.188208075076
22 27 0.101559826231
22 28 0.106902909388
22 29 0.13925731611
22 30 0.129740507109
22 31 0.113499773552
22 32 0.122789207531
22 33 0.10237175229
22 34 0.136203957713
22 35 0.121004977627
22 36 0.152043108789
22 37 0.146310610273
22 38 0.103763478914
22 39 0.0827528839369
22 40 0.140797313972
22 41 0.178341649104
22 42 0.0718162787479
22 43 0.128889309739
22 44 0.128166717897
22 45 0.126752109227
22 46 0.178236371509
22 47 0.142425885573
22 48 0.168021073896
22 49 0.133834915064
22 50 0.217812249446
22 51 0.0951555420119
22 52 0.173925628177
22 53 0.11927076338
22 54 0.225073410148
22 55 0.15212275749
22 56 0.116747613722
22 57 0.116312944082
22 58 0.0758930386525
22 59 0.199966963415
22 60 0.128744517938
22 61 0.119028486175
22 62 0.155598388188
22 63 0.220263695241
22 64 0.177936560875
22 65 0.0437925784102
22 66 0.160040703089
22 67 0.112116642923
22 68 0.0724188109807
22 69 0.203675174863
22 70 0.102442484008
22 71 0.155826746577
22 72 0.155736982648
22 73 0.338528195572
22 74 0.0782266087119
22 75 0.130997640443
23 24 0.514842664222
23 25 0.355451332205
23 26 0.188210719322
23 27 0.0495624009192
23 28 0.0773033733186
23 29 0.0693175755539
23 30 0.0729986151185
23 31 0.0410389360783
23 32 0.0364628868161
23 33 0.0494570515315
23 34 0.0672383666241
23 35 0.569366377449
23 36 0.0709003854344
23 37 0.0566322900202
23 38 0.0638670645577
23 39 0.0467670404875
23 40 0.0706105238909
23 41 0.120937452742
23 42 0.0398643684657
23 43 0.0496774613515
23 44 0.0625938049178
23 45 0.056626379047
23 46 0.0713880317286
23 47 0.121452990295
23 48 0.075704153338
23 49 0.0692892638307
23 50 0.156175746233
23 51 0.0632458103357
23 52 0.0741445475923
23 53 0.1191052966
23 54 0.141604885946
23 55 0.0673787760396
23 56 0.042822776809
23 57 0.0559524038721
23 58 0.0513624095343
23 59 0.140261640408
23 60 0.134994539634
23 61 0.0654848720431
23 62 0.100474462033
23 63 0.113351783877
23 64 0.202437897386
23 65 0.0313684597381
23 66 0.099077932748
23 67 0.0440010517708
23 68 0.0359254586045
23 69 0.126950334607
23 70 0.0528292144226
23 71 0.0944308432047
23 72 0.0806475719773
23 73 0.117034632251
23 74 0.0444108941629
23 75 0.0919843851435
24 25 0.582747741538
24 26 0.278165131393
24 27 0.165454635644
24 28 0.10881042914
24 29 0.24219811459
24 30 0.289973440492
24 31 0.28127765779
24 32 0.358259478584
24 33 0.167326709047
24 34 0.247816760824
24 35 0.714478437622
24 36 0.361769788494
24 37 0.31924815826
24 38 0.0662733912398
24 39 0.0496600569969
24 40 0.0407054010462
24 41 0.319092124074
24 42 0.0422931371717
24 43 0.314556836858
24 44 0.354468510847
24 45 0.459943646583
24 46 0.116883942409
24 47 0.109878132522
24 48 0.449137190716
24 49 0.0889148127385
24 50 0.10148426424
24 51 0.263052700947
24 52 0.355277960845
24 53 0.118198098865
24 54 0.127947818939
24 55 0.357241803836
24 56 0.462645806537
24 57 0.342108726218
24 58 0.06073245799
24 59 0.156055985402
24 60 0.0637140396332
24 61 0.263350074609
24 62 0.0831312951724
24 63 0.0895418814782
24 64 0.109256233808
24 65 0.0233380198175
24 66 0.139054814038
24 67 0.429944017193
24 68 0.0644496824203
24 69 0.153642608767
24 70 0.343404794745
24 71 0.358200307334
24 72 0.0671254946059
24 73 0.0569897729833
24 74 0.0863667600287
24 75 0.163099140633
25 26 0.131051065654
25 27 0.0614009640903
25 28 0.376758884095
25 29 0.228844359111
25 30 0.222690327023
25 31 0.1291095335
25 32 0.361615005482
25 33 0.0619928048986
25 34 0.130638650638
25 35 0.499977366279
25 36 0.167520319775
25 37 0.138363891371
25 38 0.0384973958687
25 39 0.389774949007
25 40 0.0384310425714
25 41 0.23854275029
25 42 0.0320173762117
25 43 0.147819494685
25 44 0.389905269462
25 45 0.204663706035
25 46 0.226441028456
25 47 0.141540903816
25 48 0.256133853204
25 49 0.423492726277
25 50 0.0859611363772
25 51 0.133996746554
25 52 0.17263005729
25 53 0.0793888429947
25 54 0.108121396569
25 55 0.167734695312
25 56 0.17872787274
25 57 0.157873778346
25 58 0.480938887294
25 59 0.103453778977
25 60 0.217201416629
25 61 0.120043814233
25 62 0.184466109713
25 63 0.223010477146
25 64 0.102552888093
25 65 0.0192240570633
25 66 0.160158449216
25 67 0.183839386313
25 68 0.0675641028593
25 69 0.118306760572
25 70 0.136980440702
25 71 0.165707963064
25 72 0.139530055905
25 73 0.0507696008934
25 74 0.283365149655
25 75 0.0948695207902
26 27 0.0527372753082
26 28 0.0663693906382
26 29 0.104885398018
26 30 0.416829498628
26 31 0.40390489956
26 32 0.325333551679
26 33 0.0535227818295
26 34 0.142091058346
26 35 0.123132955673
26 36 0.18607977258
26 37 0.142064363167
26 38 0.0469194842414
26 39 0.0397522589759
26 40 0.0825935929533
26 41 0.175963857417
26 42 0.048503804016
26 43 0.192214265073
26 44 0.223005393963
26 45 0.261441409533
26 46 0.0993582832351
26 47 0.082843972386
26 48 0.262461382966
26 49 0.0548068721466
26 50 0.109706111445
26 51 0.136685043836
26 52 0.200882200452
26 53 0.12157095241
26 54 0.169417935434
26 55 0.246267700366
26 56 0.241071416261
26 57 0.204193666974
26 58 0.0373886025248
26 59 0.103433680363
26 60 0.2115290059
26 61 0.138951013468
26 62 0.0713110989785
26 63 0.0726679715849
26 64 0.0980279655544
26 65 0.0189978811732
26 66 0.112534190402
26 67 0.24880182992
26 68 0.0524298679736
26 69 0.120301879129
26 70 0.196417049079
26 71 0.206632452186
26 72 0.0710660995199
26 73 0.056659959661
26 74 0.0587317762571
26 75 0.198231318772
27 28 0.0436517114212
27 29 0.77707904079
27 30 0.0500393333496
27 31 0.0345474867529
27 32 0.0400984147445
27 33 0.998585274322
27 34 0.0646889390607
27 35 0.108889284662
27 36 0.101270198375
27 37 0.867387022802
27 38 0.0394910419172
27 39 0.0203745743117
27 40 0.0371420780678
27 41 0.0821245872236
27 42 0.0179689788687
27 43 0.059274548471
27 44 0.0486460209996
27 45 0.0528203903792
27 46 0.0692500508305
27 47 0.0896511474482
27 48 0.0496131380062
27 49 0.0429161154998
27 50 0.0698406315879
27 51 0.0239637774094
27 52 0.0752135183066
27 53 0.0569619112179
27 54 0.0613538562141
27 55 0.0485091126591
27 56 0.0488785794657
27 57 0.0621661415771
27 58 0.0300343432039
27 59 0.0650619853367
27 60 0.0275910826682
27 61 0.0645663361185
27 62 0.0604894254272
27 63 0.0579811860357
27 64 0.078671472456
27 65 0.0253228706612
27 66 0.0803191769691
27 67 0.0400103941414
27 68 0.0220777020788
27 69 0.104879468135
27 70 0.0522018964648
27 71 0.0937272931287
27 72 0.0530541868298
27 73 0.0292677851864
27 74 0.0249364006848
27 75 0.0359798745008
28 29 0.215180024227
28 30 0.120646083153
28 31 0.0395250578552
28 32 0.215183477679
28 33 0.0440750128272
28 34 0.51381976399
28 35 0.07884887811
28 36 0.0653208072979
28 37 0.0701169785171
28 38 0.0590304878035
28 39 0.340400432035
28 40 0.0488618828614
28 41 0.148793409948
28 42 0.0236328459288
28 43 0.0816224234728
28 44 0.232135505115
28 45 0.0650913946293
28 46 0.173207931515
28 47 0.278298271086
28 48 0.113056334428
28 49 0.388420777608
28 50 0.0925269427477
28 51 0.0485666312478
28 52 0.0840350566652
28 53 0.0501086113629
28 54 0.091971116567
28 55 0.0544563614596
28 56 0.0558166383789
28 57 0.0782436916339
28 58 0.418948387543
28 59 0.067474903255
28 60 0.178615895996
28 61 0.0566450772016
28 62 0.286802875701
28 63 0.23114097884
28 64 0.0954141092809
28 65 0.0193356664293
28 66 0.283305877582
28 67 0.0612743108666
28 68 0.0903710338676
28 69 0.116807149508
28 70 0.0413662389383
28 71 0.0865816125204
28 72 0.190334831406
28 73 0.0544539016413
28 74 0.205527648877
28 75 0.0663453515397
29 30 0.191134120613
29 31 0.0882081801538
29 32 0.163650904557
29 33 0.779746317077
29 34 0.108970624959
29 35 0.120030523846
29 36 0.25206257754
29 37 0.741703571092
29 38 0.0394510394554
29 39 0.157470888756
29 40 0.051825548647
29 41 0.231575281172
29 42 0.023781056012
29 43 0.116131361994
29 44 0.215081428637
29 45 0.14153198921
29 46 0.127882124133
29 47 0.329623451204
29 48 0.124839484132
29 49 0.217380027058
29 50 0.0926564321794
29 51 0.0753646955608
29 52 0.129833715934
29 53 0.063262957595
29 54 0.108487206974
29 55 0.0959024249071
29 56 0.14072578762
29 57 0.120096414526
29 58 0.21386369903
29 59 0.0764407354492
29 60 0.0795091703185
29 61 0.0960731330809
29 62 0.282036014224
29 63 0.268809976078
29 64 0.126230847909
29 65 0.0246071674577
29 66 0.300125549581
29 67 0.130258468687
29 68 0.0673861544061
29 69 0.131530990393
29 70 0.107673740332
29 71 0.14845433304
29 72 0.240498358787
29 73 0.0566765104281
29 74 0.0906723848926
29 75 0.0667954096967
30 31 0.326292466402
30 32 0.45453208563
30 33 0.0561088163469
30 34 0.165235753403
30 35 0.131965742504
30 36 0.217065519638
30 37 0.150462525257
30 38 0.0393511719831
30 39 0.0839295477506
30 40 0.054508113523
30 41 0.36571970669
30 42 0.0253124955056
30 43 0.196906617122
30 44 0.344130193553
30 45 0.283857489123
30 46 0.0978489884805
30 47 0.238126852176
30 48 0.264799165443
30 49 0.167312237424
30 50 0.123486101757
30 51 0.208896373261
30 52 0.205090716206
30 53 0.0694860147623
30 54 0.130366697829
30 55 0.257883029517
30 56 0.274135126923
30 57 0.231558230362
30 58 0.0964394894832
30 59 0.092151082082
30 60 0.0383678354816
30 61 0.159113011265
30 62 0.164142942686
30 63 0.185498713932
30 64 0.115773392001
30 65 0.0289280115371
30 66 0.172210118453
30 67 0.262551315307
30 68 0.114324432367
30 69 0.123175763992
30 70 0.202041085548
30 71 0.216233721821
30 72 0.216942940765
30 73 0.046777267856
30 74 0.0618838904325
30 75 0.13988619067
31 32 0.294465154983
31 33 0.0356283867558
31 34 0.122429900192
31 35 0.135345258263
31 36 0.193820631108
31 37 0.139669746759
31 38 0.046451917105
31 39 0.0258985983053
31 40 0.0268416015909
31 41 0.184754993702
31 42 0.032961810874
31 43 0.19918350438
31 44 0.221364413943
31 45 0.280360160302
31 46 0.0719379821577
31 47 0.0560678490325
31 48 0.268878558545
31 49 0.040343503968
31 50 0.0608367317391
31 51 0.1505728614
31 52 0.212427007784
31 53 0.0730891798989
31 54 0.104397309614
31 55 0.225543891839
31 56 0.322394858126
31 57 0.232136008308
31 58 0.0278539757277
31 59 0.0823840990031
31 60 0.0358495790142
31 61 0.137901824801
31 62 0.0443018835561
31 63 0.0475924009165
31 64 0.055416961393
31 65 0.0133081594006
31 66 0.09037046434
31 67 0.297986001671
31 68 0.0593285435524
31 69 0.0959114179649
31 70 0.212728832803
31 71 0.235525649615
31 72 0.0429750287639
31 73 0.0331941357487
31 74 0.0488886219966
31 75 0.153642750895
32 33 0.0415865772854
32 34 0.180101324839
32 35 0.165749400908
32 36 0.231205304747
32 37 0.171073949502
32 38 0.0408043853383
32 39 0.251899261062
32 40 0.0285674953797
32 41 0.257188696632
32 42 0.026146271651
32 43 0.2309338004
32 44 0.383621304009
32 45 0.342196840733
32 46 0.225808843312
32 47 0.0632887503462
32 48 0.368939605497
32 49 0.255002952877
32 50 0.058907350257
32 51 0.166739078939
32 52 0.251597721517
32 53 0.0845748474428
32 54 0.0928951462332
32 55 0.309292450191
32 56 0.319868662183
32 57 0.256994672611
32 58 0.264363685953
32 59 0.0930463553449
32 60 0.17752349316
32 61 0.14930300245
32 62 0.0965678692612
32 63 0.105332048331
32 64 0.0521473929497
32 65 0.0192793473374
32 66 0.12142808375
32 67 0.322489604386
32 68 0.0626805933975
32 69 0.107211708375
32 70 0.230578072503
32 71 0.251262013315
32 72 0.0859472918093
32 73 0.0312865485017
32 74 0.252007912328
32 75 0.134671904186
33 34 0.0651741221949
33 35 0.109968690916
33 36 0.102592393066
33 37 0.869461262617
33 38 0.0382332524123
33 39 0.0204669462018
33 40 0.0379068895404
33 41 0.0826596088002
33 42 0.0179513516366
33 43 0.0599464036466
33 44 0.0507516705596
33 45 0.0549730218457
33 46 0.0702650935455
33 47 0.0901071068056
33 48 0.0510845423754
33 49 0.0433604605288
33 50 0.0701705862777
33 51 0.0243828455724
33 52 0.0814728993836
33 53 0.0540795616728
33 54 0.061771373628
33 55 0.0491725798292
33 56 0.0506109775869
33 57 0.0637614276834
33 58 0.0301854279602
33 59 0.0598305349222
33 60 0.0274758133673
33 61 0.0648159475259
33 62 0.0621251624565
33 63 0.0594247035692
33 64 0.0786937430938
33 65 0.0254488440625
33 66 0.0811800894007
33 67 0.0419204233563
33 68 0.0226553682447
33 69 0.114794866833
33 70 0.0539446333051
33 71 0.0945968717016
33 72 0.0538102787591
33 73 0.0302208870626
33 74 0.0247986718506
33 75 0.0363839870599
34 35 0.192534101321
34 36 0.363543633535
34 37 0.251956350846
34 38 0.086800618393
34 39 0.0327184324748
34 40 0.0303746149467
34 41 0.188551529239
34 42 0.0273252349183
34 43 0.363468346601
34 44 0.162873607936
34 45 0.471250645724
34 46 0.0776987472955
34 47 0.109222743713
34 48 0.258949615931
34 49 0.0672902208945
34 50 0.0905604922007
34 51 0.143150882218
34 52 0.415851579167
34 53 0.0699492554071
34 54 0.090828055908
34 55 0.253257946712
34 56 0.474054481063
34 57 0.438869858256
34 58 0.0418725755899
34 59 0.0820332935618
34 60 0.0369736468352
34 61 0.194067270561
34 62 0.0967010717555
34 63 0.0666174162445
34 64 0.112963420983
34 65 0.0249047365189
34 66 0.134437082394
34 67 0.482210507973
34 68 0.0740761607
34 69 0.150565385164
34 70 0.302897875984
34 71 0.381704595643
34 72 0.0666762749081
34 73 0.0372264092325
34 74 0.0463679759228
34 75 0.114521513386
35 36 0.356479380787
35 37 0.256416515616
35 38 0.066393157841
35 39 0.037418554287
35 40 0.0387048100149
35 41 0.161463610189
35 42 0.0395687102783
35 43 0.266113978274
35 44 0.16880456834
35 45 0.392140287356
35 46 0.0869970035025
35 47 0.100474060764
35 48 0.224825042296
35 49 0.069256386673
35 50 0.086643646675
35 51 0.157021776394
35 52 0.376580409276
35 53 0.118065284576
35 54 0.0942408786402
35 55 0.265219602146
35 56 0.370514151041
35 57 0.365038327932
35 58 0.048656305299
35 59 0.115714412503
35 60 0.0352921831679
35 61 0.215906459733
35 62 0.0833972604463
35 63 0.0813204299424
35 64 0.114931815409
35 65 0.0331178210859
35 66 0.101125358477
35 67 0.381943929532
35 68 0.0507663321709
35 69 0.12651194086
35 70 0.322202384152
35 71 0.374760031419
35 72 0.0565739810013
35 73 0.0611834849852
35 74 0.0581521837475
35 75 0.0808439459785
36 37 0.392713583173
36 38 0.0738939133749
36 39 0.036148342874
36 40 0.0358074211757
36 41 0.225564578206
36 42 0.047451899304
36 43 0.564573079126
36 44 0.254870112867
36 45 0.732006610552
36 46 0.093841487035
36 47 0.107471482734
36 48 0.354708024547
36 49 0.0666491574293
36 50 0.0926947221913
36 51 0.217911102206
36 52 0.530836994072
36 53 0.0931035415179
36 54 0.111454250483
36 55 0.437155635385
36 56 0.733450219517
36 57 0.654498135686
36 58 0.037703879164
36 59 0.106589917567
36 60 0.0474521009801
36 61 0.356820471475
36 62 0.0891273941285
36 63 0.0773683875393
36 64 0.10971319227
36 65 0.0219919431203
36 66 0.140889970611
36 67 0.741117388871
36 68 0.0761495443
36 69 0.138294313091
36 70 0.61703311516
36 71 0.570230369883
36 72 0.0757061803995
36 73 0.0538534547808
36 74 0.0582825715347
36 75 0.123041895497
37 38 0.0522592727752
37 39 0.0316685505836
37 40 0.0443967865927
37 41 0.173531747237
37 42 0.0266288765711
37 43 0.312048346136
37 44 0.182921393323
37 45 0.408137001365
37 46 0.0975952668751
37 47 0.106000127639
37 48 0.176994078297
37 49 0.0621148544681
37 50 0.0835165372893
37 51 0.0977792845516
37 52 0.352617370914
37 53 0.0756514036169
37 54 0.090651119621
37 55 0.203944057475
37 56 0.40573690533
37 57 0.33830461245
37 58 0.0428453578714
37 59 0.0880380619867
37 60 0.037191104067
37 61 0.227604046516
37 62 0.0754581717845
37 63 0.0767297750352
37 64 0.103421136857
37 65 0.0294331029973
37 66 0.123104607077
37 67 0.40408308973
37 68 0.0440665870368
37 69 0.145341384417
37 70 0.339497478129
37 71 0.318423892319
37 72 0.0695435808205
37 73 0.0431023732884
37 74 0.0450793893248
37 75 0.0777298245303
38 39 0.0334998429586
38 40 0.029027399084
38 41 0.065692099139
38 42 0.0457145546802
38 43 0.26005324196
38 44 0.0482035707945
38 45 0.0445949864175
38 46 0.159887935268
38 47 0.0539996816091
38 48 0.112758754258
38 49 0.0524515755656
38 50 0.150981475927
38 51 0.0396687545229
38 52 0.100042445172
38 53 0.0629985155865
38 54 0.0844173681586
38 55 0.0743188104297
38 56 0.0405757183315
38 57 0.0786988439851
38 58 0.030736613402
38 59 0.0863950037246
38 60 0.0425348402279
38 61 0.0447367155257
38 62 0.054210214655
38 63 0.0516899889226
38 64 0.120555083819
38 65 0.0232421230412
38 66 0.0822971866845
38 67 0.0339764256919
38 68 0.0334866684348
38 69 0.163284307273
38 70 0.0388027477751
38 71 0.112773167166
38 72 0.0585627324087
38 73 0.0441270897845
38 74 0.037616699088
38 75 0.0650187051941
39 40 0.128779958886
39 41 0.124843283547
39 42 0.0245970347733
39 43 0.0422860853536
39 44 0.259635738978
39 45 0.0260012317092
39 46 0.248824450849
39 47 0.187873301042
39 48 0.0946685461973
39 49 0.522152436966
39 50 0.160600240239
39 51 0.0240858872429
39 52 0.0513475408614
39 53 0.0537782998842
39 54 0.113920813061
39 55 0.0388046142923
39 56 0.0190365234093
39 57 0.0380907258093
39 58 0.761561159715
39 59 0.0803489138749
39 60 0.262188717232
39 61 0.038748601866
39 62 0.305712858397
39 63 0.271797639912
39 64 0.0776654250326
39 65 0.0161011962291
39 66 0.279488276815
39 67 0.0240254770681
39 68 0.085485537478
39 69 0.122235287546
39 70 0.0236383698895
39 71 0.0780090735893
39 72 0.205311916356
39 73 0.0450315292618
39 74 0.339517963556
39 75 0.0548866070269
40 41 0.0683189114635
40 42 0.0216683466463
40 43 0.0388557948916
40 44 0.0348081826041
40 45 0.0334698605731
40 46 0.0775779518676
40 47 0.0801596721792
40 48 0.0623559799731
40 49 0.0693419038087
40 50 0.342737449247
40 51 0.0384129482805
40 52 0.0472189785022
40 53 0.0410938309351
40 54 0.106181802363
40 55 0.05661054277
40 56 0.0285292716546
40 57 0.0349681929893
40 58 0.0647698533295
40 59 0.0617690290038
40 60 0.0738637059799
40 61 0.0374197878809
40 62 0.0942346621098
40 63 0.0868278573869
40 64 0.0728264506493
40 65 0.0199998902471
40 66 0.0793100517185
40 67 0.0397444095082
40 68 0.0332482701526
40 69 0.0982532555387
40 70 0.0282391632596
40 71 0.125335302592
40 72 0.0901580325823
40 73 0.0810439413045
40 74 0.0260841606255
40 75 0.0356219072095
41 42 0.0337588493043
41 43 0.196668156881
41 44 0.298043203327
41 45 0.290417608583
41 46 0.131477144403
41 47 0.336151758276
41 48 0.283167493314
41 49 0.212038683084
41 50 0.176632702166
41 51 0.171566002923
41 52 0.233430001727
41 53 0.135152313581
41 54 0.216042313064
41 55 0.283254919609
41 56 0.301722676568
41 57 0.262829345957
41 58 0.131984121368
41 59 0.184988398681
41 60 0.0894717347118
41 61 0.200254621512
41 62 0.189287738809
41 63 0.220518708633
41 64 0.254985983329
41 65 0.0327634662234
41 66 0.224205349574
41 67 0.270015923074
41 68 0.143001192367
41 69 0.190905893994
41 70 0.205214774755
41 71 0.258552320253
41 72 0.279893566401
41 73 0.0682002768081
41 74 0.115774029068
41 75 0.168776687772
42 43 0.0990010468875
42 44 0.0327367912156
42 45 0.0261156859628
42 46 0.0426190202465
42 47 0.0391747998864
42 48 0.0469778079754
42 49 0.0283978663984
42 50 0.0570810116007
42 51 0.0217321013265
42 52 0.0555271162542
42 53 0.0373099198958
42 54 0.0494851936093
42 55 0.0536135825958
42 56 0.02412504726
42 57 0.0454807798762
42 58 0.0243998935651
42 59 0.0470137839372
42 60 0.0288563354666
42 61 0.0340065677123
42 62 0.0468410100182
42 63 0.0495277668154
42 64 0.0450165927428
42 65 0.0130031278886
42 66 0.0494350381065
42 67 0.0334463520057
42 68 0.0194764345781
42 69 0.057333278057
42 70 0.0279275673731
42 71 0.0431895819295
42 72 0.0419910616366
42 73 0.0437047774233
42 74 0.0251168286205
42 75 0.0354247505947
43 44 0.261142791886
43 45 0.6479301238
43 46 0.130657383317
43 47 0.078784761721
43 48 0.312363845445
43 49 0.0626091122851
43 50 0.10629356
43 51 0.222802325599
43 52 0.512942794514
43 53 0.0905930275941
43 54 0.11549592334
43 55 0.342364829842
43 56 0.648983317605
43 57 0.483694992524
43 58 0.0396257135302
43 59 0.104890835145
43 60 0.0632591419214
43 61 0.34355537371
43 62 0.0732086178902
43 63 0.0695801306104
43 64 0.102737286627
43 65 0.0222626737567
43 66 0.1526576604
43 67 0.662257608516
43 68 0.0550014418655
43 69 0.153786546085
43 70 0.532797523177
43 71 0.423285980922
43 72 0.0599466793276
43 73 0.0494587424699
43 74 0.0584319313181
43 75 0.129621317949
44 45 0.401870045837
44 46 0.223937296628
44 47 0.259883065425
44 48 0.35649047006
44 49 0.263368164015
44 50 0.0837142519154
44 51 0.189280640354
44 52 0.280328403667
44 53 0.0910432004238
44 54 0.128785335746
44 55 0.282464825117
44 56 0.368908921732
44 57 0.276147406647
44 58 0.254376032061
44 59 0.0997509437359
44 60 0.151196152365
44 61 0.213982302168
44 62 0.199094535504
44 63 0.190056434657
44 64 0.0900787643793
44 65 0.019828563282
44 66 0.271594217387
44 67 0.35810289867
44 68 0.0763837726524
44 69 0.151200846363
44 70 0.246270791362
44 71 0.276296503041
44 72 0.175724294279
44 73 0.0425513100366
44 74 0.181413280118
44 75 0.153871999802
45 46 0.0976089524663
45 47 0.0722329212707
45 48 0.436920059981
45 49 0.054120779772
45 50 0.0596663428807
45 51 0.294607750781
45 52 0.709603887708
45 53 0.106455531683
45 54 0.107575518609
45 55 0.636456778227
45 56 0.974800245671
45 57 0.793806052307
45 58 0.0282668198682
45 59 0.106833473562
45 60 0.036238879021
45 61 0.428790276238
45 62 0.0596429116086
45 63 0.0648647889879
45 64 0.081847463395
45 65 0.0147285152482
45 66 0.137858033996
45 67 0.948740683343
45 68 0.102541311945
45 69 0.137641254546
45 70 0.747564767275
45 71 0.644465959766
45 72 0.0589255038603
45 73 0.0367144137859
45 74 0.0597794823719
45 75 0.15918857387
46 47 0.104488582626
46 48 0.177863210178
46 49 0.244590521776
46 50 0.143145991593
46 51 0.0667883681181
46 52 0.124015504076
46 53 0.0869757748999
46 54 0.150008438641
46 55 0.112752911869
46 56 0.0791688898597
46 57 0.100295888834
46 58 0.255141016546
46 59 0.12606701951
46 60 0.171930407918
46 61 0.0784870421617
46 62 0.138467633511
46 63 0.146366279862
46 64 0.11910265333
46 65 0.029486382121
46 66 0.140696051991
46 67 0.079831545861
46 68 0.0494922697042
46 69 0.15378029747
46 70 0.0757943943528
46 71 0.149137739509
46 72 0.112418845352
46 73 0.167588760289
46 74 0.212434270936
46 75 0.10010696359
47 48 0.0922153139243
47 49 0.231267411513
47 50 0.190308571209
47 51 0.104666754221
47 52 0.103996253847
47 53 0.093546450029
47 54 0.196450982191
47 55 0.0950129885299
47 56 0.0654981983146
47 57 0.0956141185876
47 58 0.220732128942
47 59 0.145520498732
47 60 0.0617169194113
47 61 0.10964924745
47 62 0.506300355115
47 63 0.495775115642
47 64 0.217826050382
47 65 0.0543528344865
47 66 0.464278352779
47 67 0.0821118622271
47 68 0.149396120573
47 69 0.155861260734
47 70 0.0612800658563
47 71 0.12147778696
47 72 0.633582536068
47 73 0.100177220708
47 74 0.0544306957778
47 75 0.0860755009068
48 49 0.267370775439
48 50 0.1164249552
48 51 0.576095076232
48 52 0.366213281777
48 53 0.192406236538
48 54 0.186697331838
48 55 0.35203306215
48 56 0.448795263082
48 57 0.346502625677
48 58 0.0967598993282
48 59 0.183336018541
48 60 0.0964353818114
48 61 0.222409787609
48 62 0.0977319812715
48 63 0.101293211384
48 64 0.100363561991
48 65 0.0265041237378
48 66 0.163227559331
48 67 0.416919092995
48 68 0.0771362396112
48 69 0.209143663047
48 70 0.330431562766
48 71 0.359512406586
48 72 0.0829552318795
48 73 0.0641218678146
48 74 0.132968255638
48 75 0.177539869794
49 50 0.130402322765
49 51 0.266790923944
49 52 0.077188975451
49 53 0.0813582733954
49 54 0.128374714844
49 55 0.0702252116778
49 56 0.0391181287786
49 57 0.0652402154524
49 58 0.467421482361
49 59 0.114854811633
49 60 0.21917955968
49 61 0.0634530445189
49 62 0.229228088886
49 63 0.305146489965
49 64 0.117724334244
49 65 0.023460803434
49 66 0.216206825416
49 67 0.0447487176382
49 68 0.0993163301837
49 69 0.139140830027
49 70 0.0415869275807
49 71 0.086412763293
49 72 0.286185604803
49 73 0.0578941224815
49 74 0.302231227802
49 75 0.0699272022287
50 51 0.0618921670497
50 52 0.129276958591
50 53 0.140115060708
50 54 0.224695140394
50 55 0.121170983477
50 56 0.0468756961008
50 57 0.0861168639896
50 58 0.114600574759
50 59 0.198801796753
50 60 0.0934492039758
50 61 0.0896491410148
50 62 0.161623277274
50 63 0.162465775466
50 64 0.240030917496
50 65 0.0606079328634
50 66 0.170749298239
50 67 0.0488906862231
50 68 0.0639850846334
50 69 0.274806002192
50 70 0.067487638199
50 71 0.188440707773
50 72 0.186894516857
50 73 0.0772468262587
50 74 0.0844576215736
50 75 0.155842641658
51 52 0.23614161537
51 53 0.0647426273168
51 54 0.09227993142
51 55 0.184116579796
51 56 0.305772422479
51 57 0.235087324043
51 58 0.0271408561449
51 59 0.0851112105184
51 60 0.0269543210334
51 61 0.108649096681
51 62 0.0660549631042
51 63 0.0817529367095
51 64 0.094178187028
51 65 0.01439265285
51 66 0.0968595040382
51 67 0.288561097738
51 68 0.0431185201198
51 69 0.0969962160059
51 70 0.193076599841
51 71 0.174269576578
51 72 0.0658520364831
51 73 0.039120782756
51 74 0.044913660644
51 75 0.107702835715
52 53 0.115368850203
52 54 0.169551663105
52 55 0.467419905965
52 56 0.75829961114
52 57 0.639518967563
52 58 0.0574483236138
52 59 0.125095706642
52 60 0.0590546247298
52 61 0.360897565677
52 62 0.0916246071103
52 63 0.0950922482064
52 64 0.116640674078
52 65 0.0273473003455
52 66 0.155005508755
52 67 0.788026894133
52 68 0.0877138371921
52 69 0.46874429872
52 70 0.592503995441
52 71 0.642036469667
52 72 0.0828833292667
52 73 0.0573988966694
52 74 0.0774980469431
52 75 0.147303027937
53 54 0.151020210515
53 55 0.111970955271
53 56 0.0977811200193
53 57 0.101275289802
53 58 0.0496745468681
53 59 0.575761529855
53 60 0.136154229513
53 61 0.211211179384
53 62 0.0902389238419
53 63 0.0738303473231
53 64 0.139475426705
53 65 0.0405788320663
53 66 0.148909692798
53 67 0.10230844514
53 68 0.0376001726963
53 69 0.142399749278
53 70 0.0917233029355
53 71 0.151847594157
53 72 0.0596279194073
53 73 0.0411057016187
53 74 0.0642949141175
53 75 0.0928919095165
54 55 0.148179319677
54 56 0.101701284449
54 57 0.107598207387
54 58 0.169047033819
54 59 0.198901817285
54 60 0.127745125112
54 61 0.106806158351
54 62 0.14641059844
54 63 0.173461004433
54 64 0.210560491593
54 65 0.0421935337003
54 66 0.184601650246
54 67 0.124487224438
54 68 0.0684924164838
54 69 0.350130919817
54 70 0.0969872016397
54 71 0.361955114124
54 72 0.178243088239
54 73 0.126860330227
54 74 0.146101413191
54 75 0.192640469367
55 56 0.646873293515
55 57 0.483482504383
55 58 0.039472165747
55 59 0.12569168064
55 60 0.0666209184658
55 61 0.315392398071
55 62 0.0731953041762
55 63 0.104746540599
55 64 0.111209752159
55 65 0.0300464149572
55 66 0.145795778212
55 67 0.617698041037
55 68 0.0612320595356
55 69 0.197646694903
55 70 0.427650778307
55 71 0.509612281166
55 72 0.410672077284
55 73 0.0594280342858
55 74 0.0840746992148
55 75 0.191364997753
56 57 0.798251316332
56 58 0.0202385291811
56 59 0.0950354719006
56 60 0.0284530995644
56 61 0.479183592742
56 62 0.0542055262452
56 63 0.0692191245247
56 64 0.0730546023477
56 65 0.0120668416446
56 66 0.139536420174
56 67 0.960881128191
56 68 0.0977038191727
56 69 0.141354166805
56 70 0.760352473861
56 71 0.646525615784
56 72 0.0518625238212
56 73 0.0292265845219
56 74 0.0520650925969
56 75 0.160540837133
57 58 0.0359176954646
57 59 0.116194471845
57 60 0.0614089312921
57 61 0.454170158391
57 62 0.0878071908578
57 63 0.0814101187692
57 64 0.113898584582
57 65 0.0221499088936
57 66 0.175624462047
57 67 0.807930849173
57 68 0.499572031489
57 69 0.144952430786
57 70 0.621544645426
57 71 0.48981489251
57 72 0.0770837405886
57 73 0.049687334442
57 74 0.0641333916985
57 75 0.130154328417
58 59 0.0789604117195
58 60 0.251993197438
58 61 0.0391899151032
58 62 0.280925677745
58 63 0.279522968323
58 64 0.0815405863817
58 65 0.01534844588
58 66 0.253241896919
58 67 0.027767197492
58 68 0.0641555499094
58 69 0.146259719299
58 70 0.0248131424961
58 71 0.122123110852
58 72 0.21962869169
58 73 0.0435163574854
58 74 0.373886760146
58 75 0.0704611972897
59 60 0.110703884014
59 61 0.179065651677
59 62 0.127403144603
59 63 0.115195049815
59 64 0.235173550872
59 65 0.0503994448455
59 66 0.178026545457
59 67 0.0966541219701
59 68 0.0680060862895
59 69 0.195528744452
59 70 0.100414474116
59 71 0.144344711396
59 72 0.100752612681
59 73 0.102521842189
59 74 0.0762227533566
59 75 0.135113513924
60 61 0.312674442733
60 62 0.092765111536
60 63 0.118389032755
60 64 0.0834001345547
60 65 0.0244495627099
60 66 0.179992866697
60 67 0.0384603577896
60 68 0.0647142569962
60 69 0.0976790892226
60 70 0.0433996625367
60 71 0.060616633577
60 72 0.085750843444
60 73 0.0421897106961
60 74 0.230592009081
60 75 0.0639213180143
61 62 0.0953280645988
61 63 0.0740964036929
61 64 0.128734266258
61 65 0.038040731338
61 66 0.377871076728
61 67 0.488514299139
61 68 0.0876327509275
61 69 0.132026630448
61 70 0.369227733072
61 71 0.318006247354
61 72 0.0644147051405
61 73 0.0503492434867
61 74 0.0584081532291
61 75 0.117095904677
62 63 0.515096066686
62 64 0.207284029938
62 65 0.25717388862
62 66 0.543788404651
62 67 0.067018084474
62 68 0.190515222894
62 69 0.154655994188
62 70 0.048247024864
62 71 0.111531997974
62 72 0.41280095691
62 73 0.181251170284
62 74 0.101962128838
62 75 0.0866487879372
63 64 0.150620291765
63 65 0.0328651205663
63 66 0.520974911389
63 67 0.0585934496549
63 68 0.187271144699
63 69 0.164857132802
63 70 0.0537366681318
63 71 0.106429335413
63 72 0.494731090754
63 73 0.162677287106
63 74 0.117400204762
63 75 0.0895350930318
64 65 0.076690029563
64 66 0.187269054784
64 67 0.0691908653851
64 68 0.0969313219216
64 69 0.259209134651
64 70 0.0786328160902
64 71 0.148600078121
64 72 0.176891389828
64 73 0.115529458064
64 74 0.0644126221441
64 75 0.129140724161
65 66 0.0425588010579
65 67 0.0117778097579
65 68 0.0122077950267
65 69 0.0505186154015
65 70 0.0185034250251
65 71 0.0362016068575
65 72 0.0352001201325
65 73 0.044155710316
65 74 0.0170593451234
65 75 0.0257411528007
66 67 0.140162644087
66 68 0.210843753318
66 69 0.200522624342
66 70 0.140794358577
66 71 0.164610015562
66 72 0.369998956532
66 73 0.138319662574
66 74 0.0861324604033
66 75 0.124983428492
67 68 0.0833471654412
67 69 0.138341157535
67 70 0.76533571192
67 71 0.674277574888
67 72 0.0588535225697
67 73 0.0450771868888
67 74 0.0575822945504
67 75 0.145453833178
68 69 0.0671719746803
68 70 0.0512800655189
68 71 0.0654325404837
68 72 0.136401006051
68 73 0.0512236291061
68 74 0.0384685402011
68 75 0.0468384350636
69 70 0.12435727207
69 71 0.299083091212
69 72 0.15970843439
69 73 0.0906678696005
69 74 0.109624879185
69 75 0.159882394841
70 71 0.490364163069
70 72 0.0473262177086
70 73 0.030861648473
70 74 0.049350597293
70 75 0.124086407928
71 72 0.113731441805
71 73 0.0504616551593
71 74 0.131697146233
71 75 0.170475431485
72 73 0.128102696698
72 74 0.0952073828326
72 75 0.0878429300521
73 74 0.0279143176721
73 75 0.107070156688
74 75 0.0741478740733
