0 1 0.266086113972
0 2 0.0766491422438
0 3 0.386936441795
0 4 0.365334287638
0 5 0.271124066202
0 6 0.274971990387
0 7 0.249065127556
0 8 0.137352788266
0 9 0.101813354547
0 10 0.0769762855852
0 11 0.149375070231
0 12 0.158542248937
0 13 0.232457793353
0 14 0.147393901797
0 15 0.129431928832
0 16 0.179713653353
0 17 0.161871625121
0 18 0.125567259238
0 19 0.189552906565
0 20 0.212384290064
0 21 0.22146451093
0 22 0.172184908259
0 23 0.0619295228499
0 24 0.220069247781
0 25 0.109715757009
0 26 0.115893085565
0 27 0.102982686622
0 28 0.0694068924015
0 29 0.16660043512
0 30 0.144471895318
0 31 0.0840641385472
0 32 0.103580759039
0 33 0.105039122619
0 34 0.139695389632
0 35 0.133745520279
0 36 0.157861162602
0 37 0.166170483604
0 38 0.0432048776422
0 39 0.0385851541269
0 40 0.0477571368999
0 41 0.182156037109
0 42 0.0228455059209
0 43 0.158213319336
0 44 0.154698464527
0 45 0.202900678767
0 46 0.060784739594
0 47 0.121909705776
0 48 0.16066296121
0 49 0.0565757177204
0 50 0.0884821293886
0 51 0.12109250424
0 52 0.14993257374
0 53 0.0683205751546
0 54 0.0966347356581
0 55 0.205000649354
0 56 0.206281610638
0 57 0.171068994711
0 58 0.0406638815197
0 59 0.0783774162393
0 60 0.0246003123149
0 61 0.117277105897
0 62 0.104030434195
0 63 0.0834716816871
0 64 0.125109204789
0 65 0.0132392411642
0 66 0.130397243355
0 67 0.177197407486
0 68 0.0738714001901
0 69 0.115377186279
0 70 0.133725593613
0 71 0.174895343092
0 72 0.105215342606
0 73 0.0562786471827
0 74 0.0285081432036
0 75 0.0636676221036
1 2 0.0563072029515
1 3 0.27716312698
1 4 0.235635912858
1 5 0.108487887648
1 6 0.181011846023
1 7 0.197680033292
1 8 0.0979055334067
1 9 0.0904067690344
1 10 0.0591345618211
1 11 0.129226188864
1 12 0.124395948285
1 13 0.192373425758
1 14 0.130615545434
1 15 0.114760398521
1 16 0.105831569102
1 17 0.158556987766
1 18 0.120073259723
1 19 0.190939401965
1 20 0.199595373215
1 21 0.158906869679
1 22 0.149969021629
1 23 0.0499241795285
1 24 0.132339101201
1 25 0.0893091081113
1 26 0.0711603557571
1 27 0.0735679341682
1 28 0.0604666843189
1 29 0.114684496451
1 30 0.0937307613243
1 31 0.0489427434621
1 32 0.0655638705283
1 33 0.0751069363397
1 34 0.0880930658687
1 35 0.0943077322784
1 36 0.0985415040719
1 37 0.103685165164
1 38 0.0333881756443
1 39 0.0419089921498
1 40 0.0357667440707
1 41 0.134828856806
1 42 0.0179400803302
1 43 0.0889005677059
1 44 0.101216105117
1 45 0.115978441838
1 46 0.051271890182
1 47 0.113072422533
1 48 0.095043723166
1 49 0.0582723371334
1 50 0.0721012908876
1 51 0.0753933552947
1 52 0.0917920944674
1 53 0.0653348659794
1 54 0.0828645297866
1 55 0.116619138367
1 56 0.11583507426
1 57 0.0983762169029
1 58 0.0436362161565
1 59 0.0606701078733
1 60 0.0245751785504
1 61 0.075318531554
1 62 0.0881438915157
1 63 0.0699122271346
1 64 0.115524904094
1 65 0.011214252267
1 66 0.108242981883
1 67 0.101057540825
1 68 0.0416165643247
1 69 0.0983620665358
1 70 0.0780241143068
1 71 0.111128976173
1 72 0.0859239511258
1 73 0.051595291452
1 74 0.0293235445246
1 75 0.0513671381428
2 3 0.105851241938
2 4 0.0556908471577
2 5 0.0564484993003
2 6 0.0757973551224
2 7 0.0805649096742
2 8 0.0290468404595
2 9 0.0223405219265
2 10 0.0162505157506
2 11 0.0670226480847
2 12 0.0377426038919
2 13 0.0688623817882
2 14 0.0581745295881
2 15 0.0467828896228
2 16 0.0217441026669
2 17 0.0843388195751
2 18 0.0284235946735
2 19 0.0434514724537
2 20 0.0699203713071
2 21 0.0307749150886
2 22 0.0410270583445
2 23 0.0196554789106
2 24 0.0307277087266
2 25 0.0297833458438
2 26 0.0171188151366
2 27 0.0207511489318
2 28 0.0172387763448
2 29 0.0350493976128
2 30 0.0267038213718
2 31 0.0107103239337
2 32 0.0123170368213
2 33 0.021082909621
2 34 0.0222387203139
2 35 0.0231584444147
2 36 0.0229319029416
2 37 0.0271160680693
2 38 0.0117987234942
2 39 0.0124428739341
2 40 0.0166123308174
2 41 0.0448310072557
2 42 0.00624914076537
2 43 0.0224868728316
2 44 0.0294458853279
2 45 0.0297655626969
2 46 0.0161917258383
2 47 0.0398170799735
2 48 0.025549054101
2 49 0.0203892287375
2 50 0.0294599169784
2 51 0.0192611278936
2 52 0.0234237267304
2 53 0.0189382975717
2 54 0.0317038109922
2 55 0.0312481390562
2 56 0.0275936017688
2 57 0.0235375409581
2 58 0.0130079281509
2 59 0.0245605137312
2 60 0.00733592063518
2 61 0.0185218619303
2 62 0.0418043138319
2 63 0.0263976196945
2 64 0.0507606631705
2 65 0.00443980639967
2 66 0.0465934494278
2 67 0.0224083828445
2 68 0.0148879834261
2 69 0.0344822980906
2 70 0.0181194808997
2 71 0.029420636322
2 72 0.0339093940111
2 73 0.0178425366986
2 74 0.007016644032
2 75 0.0140150571449
3 4 0.328752520154
3 5 0.209989949669
3 6 0.343878126458
3 7 0.435338737687
3 8 0.177613722953
3 9 0.149999542377
3 10 0.110465769623
3 11 0.228658615585
3 12 0.184368216955
3 13 0.336207282344
3 14 0.224287865436
3 15 0.1848349705
3 16 0.192727639467
3 17 0.259010120008
3 18 0.144460528741
3 19 0.207287181067
3 20 0.301894951069
3 21 0.228407152968
3 22 0.197571365626
3 23 0.107360518473
3 24 0.282751153551
3 25 0.149705480265
3 26 0.149306470916
3 27 0.142021851547
3 28 0.0964256827929
3 29 0.200719341438
3 30 0.189218212853
3 31 0.100491583756
3 32 0.129600516084
3 33 0.144665296699
3 34 0.177157516667
3 35 0.187456015684
3 36 0.192791468089
3 37 0.210730538231
3 38 0.100646925287
3 39 0.0685436650156
3 40 0.0633500244099
3 41 0.262038930275
3 42 0.0350461568334
3 43 0.186700256303
3 44 0.205639952219
3 45 0.232837997808
3 46 0.0956466639748
3 47 0.180701181449
3 48 0.216228857117
3 49 0.0953542363591
3 50 0.160143342521
3 51 0.151867024544
3 52 0.194550420952
3 53 0.110158704625
3 54 0.253153519625
3 55 0.27103749192
3 56 0.233292634529
3 57 0.215697971683
3 58 0.107371735406
3 59 0.139419012064
3 60 0.0462375286438
3 61 0.167601196935
3 62 0.140306862678
3 63 0.127091508224
3 64 0.222260276156
3 65 0.024097057573
3 66 0.20022685383
3 67 0.202079089775
3 68 0.128425306888
3 69 0.229148639466
3 70 0.15557345578
3 71 0.359203710002
3 72 0.170786091581
3 73 0.0844080630698
3 74 0.0763506233197
3 75 0.10064295874
4 5 0.139818424972
4 6 0.249484512016
4 7 0.229724861743
4 8 0.116262850813
4 9 0.0939201232585
4 10 0.0583847210531
4 11 0.133228959855
4 12 0.134927731738
4 13 0.20909875789
4 14 0.121457740092
4 15 0.116059156976
4 16 0.154678469884
4 17 0.142771849909
4 18 0.0903050508158
4 19 0.165683188904
4 20 0.181294139825
4 21 0.244278365863
4 22 0.217437331726
4 23 0.067503172009
4 24 0.207151358467
4 25 0.101557821133
4 26 0.108052539225
4 27 0.119821978338
4 28 0.0533451530783
4 29 0.159048153524
4 30 0.136099906448
4 31 0.0758663907523
4 32 0.100575428954
4 33 0.121419856409
4 34 0.12143126135
4 35 0.122187447128
4 36 0.150574220331
4 37 0.171217655763
4 38 0.0410430502318
4 39 0.0330797630585
4 40 0.035236826269
4 41 0.169254842697
4 42 0.0219584923931
4 43 0.138732500074
4 44 0.141751983914
4 45 0.183640727464
4 46 0.0595514442542
4 47 0.119605274822
4 48 0.148596404507
4 49 0.0612830442421
4 50 0.0927170246761
4 51 0.119900086747
4 52 0.140600589039
4 53 0.0665313047262
4 54 0.0934864312619
4 55 0.17790109355
4 56 0.187346921076
4 57 0.156115769374
4 58 0.0350763301848
4 59 0.0782436682365
4 60 0.0287891117501
4 61 0.109126354623
4 62 0.0772919725815
4 63 0.0652908268241
4 64 0.127125558759
4 65 0.0127888560776
4 66 0.109194023868
4 67 0.161286653235
4 68 0.0611658762996
4 69 0.111781480339
4 70 0.12037801131
4 71 0.167715775591
4 72 0.0831130250596
4 73 0.0507594360407
4 74 0.0268375118305
4 75 0.0570872538595
5 6 0.182087580191
5 7 0.149921659471
5 8 0.0914630399639
5 9 0.0485823398338
5 10 0.0319381067251
5 11 0.0647584931796
5 12 0.0932263184207
5 13 0.12802884994
5 14 0.0898086314821
5 15 0.0583183775159
5 16 0.157347529063
5 17 0.0601404073702
5 18 0.0726789704787
5 19 0.0643381091852
5 20 0.0791927698976
5 21 0.136498393433
5 22 0.081792296709
5 23 0.0259642697633
5 24 0.175003893803
5 25 0.0852046737099
5 26 0.0902618029941
5 27 0.0325736396157
5 28 0.0382245144752
5 29 0.0798801519735
5 30 0.108857937665
5 31 0.0708660493325
5 32 0.0953630170329
5 33 0.0334208920806
5 34 0.0937911059459
5 35 0.0809819031676
5 36 0.115952774651
5 37 0.0940604073948
5 38 0.0209334657847
5 39 0.0301940874562
5 40 0.0353480212482
5 41 0.127466158263
5 42 0.0151478073026
5 43 0.113522186524
5 44 0.129696596146
5 45 0.160017484152
5 46 0.0383641193272
5 47 0.0571186131399
5 48 0.13324569626
5 49 0.0397203004715
5 50 0.046330382833
5 51 0.100653467627
5 52 0.114101601243
5 53 0.0464972011249
5 54 0.0579454775738
5 55 0.157923916603
5 56 0.165858492691
5 57 0.123810438119
5 58 0.0307717206442
5 59 0.0482589861941
5 60 0.0221773740698
5 61 0.0897837338887
5 62 0.0462095814809
5 63 0.0419626849518
5 64 0.0639949154547
5 65 0.00649227997959
5 66 0.0636253049352
5 67 0.147704835752
5 68 0.0392576302613
5 69 0.0593556022746
5 70 0.103510798263
5 71 0.120871005158
5 72 0.0553297756484
5 73 0.0312507292662
5 74 0.0250268091824
5 75 0.046069104708
6 7 0.323728946084
6 8 0.147289267241
6 9 0.0891735127956
6 10 0.0751906873691
6 11 0.178191329214
6 12 0.169710521566
6 13 0.264583999218
6 14 0.155882004114
6 15 0.126792189344
6 16 0.189963537431
6 17 0.222473203372
6 18 0.109479106822
6 19 0.105670795921
6 20 0.183768258441
6 21 0.207131933861
6 22 0.129655665785
6 23 0.0514114346654
6 24 0.238548203164
6 25 0.111461914973
6 26 0.114530508154
6 27 0.0661827064136
6 28 0.0604494560655
6 29 0.130709081935
6 30 0.14672065628
6 31 0.0856497167195
6 32 0.104144421211
6 33 0.0670553479072
6 34 0.147022833998
6 35 0.132430731535
6 36 0.17348846586
6 37 0.146372201345
6 38 0.0467454531699
6 39 0.0393304064304
6 40 0.0470992330414
6 41 0.195258041419
6 42 0.0224116876614
6 43 0.167107659193
6 44 0.172847746607
6 45 0.228868436682
6 46 0.0575252002348
6 47 0.122818939386
6 48 0.181913550615
6 49 0.0610446594191
6 50 0.0863655177142
6 51 0.143284314883
6 52 0.182700678806
6 53 0.058102607464
6 54 0.10948014301
6 55 0.210843907703
6 56 0.229242302282
6 57 0.185822446188
6 58 0.0429139285711
6 59 0.0805336943712
6 60 0.0240790779285
6 61 0.12361537182
6 62 0.0850229208512
6 63 0.075622105654
6 64 0.134986693566
6 65 0.0126015202112
6 66 0.113338414292
6 67 0.196624533684
6 68 0.0708842003708
6 69 0.130172122503
6 70 0.152238724807
6 71 0.202127044815
6 72 0.103572749477
6 73 0.0362997645552
6 74 0.0306396604748
6 75 0.0593804667157
7 8 0.138599773011
7 9 0.175234966601
7 10 0.146478100147
7 11 0.267068711085
7 12 0.160688251756
7 13 0.353743283649
7 14 0.270273522248
7 15 0.178142848678
7 16 0.125160843182
7 17 0.319259252373
7 18 0.147680302985
7 19 0.153001958788
7 20 0.299923518456
7 21 0.16454873691
7 22 0.191817767135
7 23 0.122470169009
7 24 0.226865571356
7 25 0.121496810501
7 26 0.104406944579
7 27 0.122042864
7 28 0.0809926221848
7 29 0.155755948579
7 30 0.138522802581
7 31 0.0645346320028
7 32 0.0781048627754
7 33 0.122819668213
7 34 0.145614294114
7 35 0.182185482096
7 36 0.15333587088
7 37 0.162195957975
7 38 0.0969352647942
7 39 0.0625553242875
7 40 0.0678171697541
7 41 0.238677298058
7 42 0.0416208904865
7 43 0.15269599416
7 44 0.142517702615
7 45 0.155654518286
7 46 0.0948127301767
7 47 0.186081252246
7 48 0.164522276501
7 49 0.100818656083
7 50 0.177200080453
7 51 0.122580207123
7 52 0.19435264217
7 53 0.110939990151
7 54 0.219083843957
7 55 0.228344756336
7 56 0.146196364487
7 57 0.163097372385
7 58 0.0771218826651
7 59 0.147549024648
7 60 0.0604840128634
7 61 0.199507315731
7 62 0.124681095515
7 63 0.119745501078
7 64 0.313870666897
7 65 0.0302079755416
7 66 0.18338356884
7 67 0.119376856857
7 68 0.100520036926
7 69 0.258339055865
7 70 0.11206425959
7 71 0.308097450441
7 72 0.18293896048
7 73 0.0783133231599
7 74 0.0535872801352
7 75 0.107017181746
8 9 0.0404182152378
8 10 0.0346593367891
8 11 0.112874445127
8 12 0.0996878391727
8 13 0.162143413968
8 14 0.109506319506
8 15 0.0570302000918
8 16 0.120751521657
8 17 0.112733375846
8 18 0.0669371817449
8 19 0.105820598473
8 20 0.111439948846
8 21 0.127919192941
8 22 0.0707953952232
8 23 0.0340800627452
8 24 0.134669069112
8 25 0.0769312023201
8 26 0.068811213201
8 27 0.0378852176381
8 28 0.0459440272643
8 29 0.077489361425
8 30 0.0888297161625
8 31 0.0531589337059
8 32 0.0676055975702
8 33 0.0386606330744
8 34 0.0903518905776
8 35 0.097209106688
8 36 0.105273881192
8 37 0.0915434838346
8 38 0.0238448435433
8 39 0.0349545050433
8 40 0.0273421355649
8 41 0.120961156157
8 42 0.0137871460039
8 43 0.101525350948
8 44 0.119216949954
8 45 0.138069096051
8 46 0.0360844668284
8 47 0.0803453766626
8 48 0.10482600583
8 49 0.0469429035051
8 50 0.0560401233092
8 51 0.0802308283124
8 52 0.104280240547
8 53 0.0431220163633
8 54 0.0650191826875
8 55 0.139320139641
8 56 0.138424153799
8 57 0.113668086936
8 58 0.0359503792612
8 59 0.0447612564237
8 60 0.0197703259234
8 61 0.085990897376
8 62 0.0613073758205
8 63 0.0503651531519
8 64 0.0877095214636
8 65 0.00883859092629
8 66 0.0849435597079
8 67 0.123277801661
8 68 0.0372478204422
8 69 0.0758261951621
8 70 0.0927839906035
8 71 0.129319038202
8 72 0.0657229161035
8 73 0.0372195810472
8 74 0.0244242669151
8 75 0.0365234367647
9 10 0.0910422791555
9 11 0.0761901437625
9 12 0.0580918017681
9 13 0.134772638729
9 14 0.0993241062334
9 15 0.0594575978253
9 16 0.0602574865206
9 17 0.0747901816866
9 18 0.0893424625673
9 19 0.0799663851275
9 20 0.118531469799
9 21 0.0570781589637
9 22 0.100515997348
9 23 0.0844984824051
9 24 0.106937338399
9 25 0.078843515958
9 26 0.0525614417612
9 27 0.0896040597173
9 28 0.0590440393392
9 29 0.0972964570168
9 30 0.0682993139249
9 31 0.0308226632614
9 32 0.053554210316
9 33 0.0894236127629
9 34 0.0677191086549
9 35 0.0738465807407
9 36 0.0622267032407
9 37 0.0858903418924
9 38 0.0463165837789
9 39 0.0506812610109
9 40 0.0528870006445
9 41 0.0857454955922
9 42 0.0289449099882
9 43 0.0479419478936
9 44 0.0550771335925
9 45 0.0337030909129
9 46 0.0593942362034
9 47 0.0836244373951
9 48 0.0706332284497
9 49 0.0685972501745
9 50 0.11146019448
9 51 0.0538005619384
9 52 0.0491071165151
9 53 0.0762515478564
9 54 0.080452014592
9 55 0.0766173230762
9 56 0.0292871166752
9 57 0.0464287695981
9 58 0.0496493198996
9 59 0.102478349592
9 60 0.036761363237
9 61 0.0472356564223
9 62 0.0581646456844
9 63 0.0567818013698
9 64 0.0983994406125
9 65 0.0156450247212
9 66 0.0766584893878
9 67 0.0230578999743
9 68 0.0314065476625
9 69 0.0811509440401
9 70 0.0344239532255
9 71 0.0817655902412
9 72 0.0812322774382
9 73 0.036055643607
9 74 0.0384504200779
9 75 0.0364318103326
10 11 0.0542764368647
10 12 0.0498554677454
10 13 0.0867050077292
10 14 0.073834035647
10 15 0.0522562361516
10 16 0.0292125636699
10 17 0.0487331753617
10 18 0.0483436497964
10 19 0.0398066486232
10 20 0.0717196104913
10 21 0.0348911902863
10 22 0.0695861446607
10 23 0.0503485565427
10 24 0.127287678652
10 25 0.032504797178
10 26 0.0252640538991
10 27 0.0429074629245
10 28 0.0284874557313
10 29 0.0545478970189
10 30 0.0377177111554
10 31 0.0172880015504
10 32 0.0185092474516
10 33 0.0432325004637
10 34 0.0385802056798
10 35 0.0583953897544
10 36 0.0290890089354
10 37 0.0447199490522
10 38 0.0203579887959
10 39 0.0227983009095
10 40 0.0295606204883
10 41 0.0603617663771
10 42 0.0163746295877
10 43 0.0321748436168
10 44 0.0397052947097
10 45 0.0295115177537
10 46 0.0273917597123
10 47 0.0647187389576
10 48 0.0585007915012
10 49 0.0395864040788
10 50 0.0657076907285
10 51 0.0433082024782
10 52 0.0364381032099
10 53 0.0501839343885
10 54 0.0563406549757
10 55 0.0495924934231
10 56 0.0279117455025
10 57 0.0291420185666
10 58 0.0260504974935
10 59 0.0430738008605
10 60 0.0132878602557
10 61 0.0380685381269
10 62 0.0413930671467
10 63 0.0379364580706
10 64 0.0528583544614
10 65 0.00847385448908
10 66 0.0540921849036
10 67 0.0192994353221
10 68 0.0205538909162
10 69 0.0670208845194
10 70 0.0231462491577
10 71 0.068633651449
10 72 0.0487262003737
10 73 0.0133061774815
10 74 0.0150152745149
10 75 0.0244421233827
11 12 0.0803759341897
11 13 0.290617148217
11 14 0.316357920011
11 15 0.12639034364
11 16 0.0562926828338
11 17 0.456854327776
11 18 0.0919736210693
11 19 0.107750585318
11 20 0.251380954811
11 21 0.0798554837581
11 22 0.108423710622
11 23 0.0812766896726
11 24 0.0767418256801
11 25 0.0765910876981
11 26 0.0483752366973
11 27 0.0546224103464
11 28 0.0596673449244
11 29 0.0918607894866
11 30 0.0715726076388
11 31 0.0287773093514
11 32 0.0268583264869
11 33 0.0554757670293
11 34 0.065771015794
11 35 0.0793472219305
11 36 0.066610950207
11 37 0.0722139477803
11 38 0.0495773568907
11 39 0.0530490495205
11 40 0.0289770687813
11 41 0.184689581377
11 42 0.0223570548822
11 43 0.0602099196567
11 44 0.0832456748082
11 45 0.0944506572397
11 46 0.0471794050784
11 47 0.248324712954
11 48 0.0588023902772
11 49 0.0830373615921
11 50 0.122321144367
11 51 0.057278849938
11 52 0.0657055481025
11 53 0.0658160358313
11 54 0.127792014425
11 55 0.084838955175
11 56 0.0878132593606
11 57 0.0724372371224
11 58 0.0592403165272
11 59 0.114768236789
11 60 0.0276034229743
11 61 0.0697218261221
11 62 0.0958724908662
11 63 0.0958272350305
11 64 0.275500908515
11 65 0.0194614810342
11 66 0.126529943763
11 67 0.0529550402037
11 68 0.061988688698
11 69 0.144580926681
11 70 0.0542633045882
11 71 0.0983798724882
11 72 0.13200016856
11 73 0.0503299948113
11 74 0.026461257651
11 75 0.0479209514082
12 13 0.185741138201
12 14 0.127523203793
12 15 0.0685384841594
12 16 0.131296120977
12 17 0.117193710736
12 18 0.0976257290619
12 19 0.143950754646
12 20 0.162579120213
12 21 0.116796468382
12 22 0.110638360042
12 23 0.0408484098431
12 24 0.124096157836
12 25 0.0929624316026
12 26 0.073979707823
12 27 0.0432279376417
12 28 0.0690909247479
12 29 0.0880369378849
12 30 0.0841259250867
12 31 0.043904249698
12 32 0.0711327324067
12 33 0.0442100014002
12 34 0.0870527841941
12 35 0.0905644325455
12 36 0.098855432935
12 37 0.0861174110932
12 38 0.026695013248
12 39 0.0585219693416
12 40 0.0387134754169
12 41 0.106145567086
12 42 0.0149511116196
12 43 0.0956577192461
12 44 0.119872635528
12 45 0.12806854186
12 46 0.0562407228407
12 47 0.109819053194
12 48 0.0967679065808
12 49 0.0739143354571
12 50 0.0600986424482
12 51 0.0724846966653
12 52 0.101504782202
12 53 0.0491557120446
12 54 0.0799804871133
12 55 0.119980367201
12 56 0.11716779125
12 57 0.106948106506
12 58 0.0603852247874
12 59 0.0509143916678
12 60 0.0367017381763
12 61 0.0754398910161
12 62 0.0980686339822
12 63 0.07689117603
12 64 0.0746179832784
12 65 0.00946404863512
12 66 0.114108302599
12 67 0.110046064894
12 68 0.0411706707708
12 69 0.0780758022246
12 70 0.0804830220794
12 71 0.109026462295
12 72 0.0894629802231
12 73 0.0730752273609
12 74 0.0329414372148
12 75 0.0370441533872
13 14 0.295003984665
13 15 0.140112034282
13 16 0.153010866249
13 17 0.332883615792
13 18 0.164133656329
13 19 0.217417470831
13 20 0.284435024374
13 21 0.171185936262
13 22 0.160010335751
13 23 0.0949889298468
13 24 0.183188203865
13 25 0.129128976554
13 26 0.1043660907
13 27 0.0881626977202
13 28 0.0959254255397
13 29 0.151549759325
13 30 0.130221471033
13 31 0.0639092980986
13 32 0.0845373134098
13 33 0.0902367895048
13 34 0.134690746971
13 35 0.152826840549
13 36 0.14825278776
13 37 0.145175056758
13 38 0.0589384164765
13 39 0.0779768088277
13 40 0.0551838447513
13 41 0.229581752261
13 42 0.0380006161717
13 43 0.136787491685
13 44 0.160315645686
13 45 0.189710179824
13 46 0.0766345035544
13 47 0.202749997323
13 48 0.168730575936
13 49 0.108578284866
13 50 0.158337438916
13 51 0.114526852403
13 52 0.154501297022
13 53 0.175097909918
13 54 0.161967643369
13 55 0.181566216761
13 56 0.177227831662
13 57 0.154730188351
13 58 0.0792199980496
13 59 0.122339200262
13 60 0.0410661531486
13 61 0.120314565196
13 62 0.148592343719
13 63 0.13249250888
13 64 0.263026875298
13 65 0.0412153592722
13 66 0.172934131331
13 67 0.143642108204
13 68 0.074447775061
13 69 0.179566781342
13 70 0.12273493384
13 71 0.185894892427
13 72 0.165286101538
13 73 0.076917923244
13 74 0.0454237641241
13 75 0.0697408478332
14 15 0.117908092882
14 16 0.0838745852635
14 17 0.304423534379
14 18 0.23310589607
14 19 0.105855700299
14 20 0.234837123925
14 21 0.0914773087701
14 22 0.236754643034
14 23 0.0872358840788
14 24 0.0986250180922
14 25 0.081566389076
14 26 0.0597706455996
14 27 0.06801941665
14 28 0.0687231721064
14 29 0.119906476542
14 30 0.0865299361663
14 31 0.0339477109129
14 32 0.0368831422937
14 33 0.0688156313173
14 34 0.0791968072119
14 35 0.0982462168706
14 36 0.0802956689892
14 37 0.0924973485995
14 38 0.0522478856534
14 39 0.0638989446042
14 40 0.0851571343413
14 41 0.194466788585
14 42 0.0383759199634
14 43 0.0748604093323
14 44 0.0922719144292
14 45 0.0879574935761
14 46 0.0656930602042
14 47 0.241852574718
14 48 0.0847299506628
14 49 0.0906390287229
14 50 0.146053786325
14 51 0.0693425433924
14 52 0.0860436705077
14 53 0.0819635459639
14 54 0.210262472561
14 55 0.116277622878
14 56 0.07976076396
14 57 0.0830129020598
14 58 0.0624704860618
14 59 0.128134533088
14 60 0.0348791279087
14 61 0.0806186207652
14 62 0.142111427436
14 63 0.142063800081
14 64 0.255820603349
14 65 0.0232114606694
14 66 0.152794213487
14 67 0.0694971892213
14 68 0.0723298659469
14 69 0.151780948849
14 70 0.0600161287819
14 71 0.118342966428
14 72 0.193673369577
14 73 0.144663429552
14 74 0.0299382446274
14 75 0.0544837022473
15 16 0.0436499920291
15 17 0.138187518775
15 18 0.0609592194072
15 19 0.0845160525922
15 20 0.155113599484
15 21 0.0607690413421
15 22 0.0848654744338
15 23 0.0454228120355
15 24 0.061530537438
15 25 0.0602590844633
15 26 0.0315213215434
15 27 0.0496652123402
15 28 0.0452753531328
15 29 0.0715465359699
15 30 0.0440432409783
15 31 0.0190072629703
15 32 0.0327802974392
15 33 0.0499499336079
15 34 0.0426715194321
15 35 0.050658732641
15 36 0.0448252082664
15 37 0.0575054932107
15 38 0.0286505294575
15 39 0.0437183224504
15 40 0.0295678317754
15 41 0.0866863088488
15 42 0.0126514521898
15 43 0.0366940939707
15 44 0.0481384579634
15 45 0.0460884569959
15 46 0.0386546328162
15 47 0.0729706802749
15 48 0.0594098206676
15 49 0.0574807263715
15 50 0.0712793735926
15 51 0.0380472350392
15 52 0.0452793679835
15 53 0.0362966326805
15 54 0.0697849025573
15 55 0.0618474720652
15 56 0.0432363898299
15 57 0.0472094160174
15 58 0.0447317051019
15 59 0.050410426892
15 60 0.0259834041987
15 61 0.0358475369691
15 62 0.0535538315575
15 63 0.0522799079258
15 64 0.11645735309
15 65 0.0100192015002
15 66 0.0627996926301
15 67 0.0323478948511
15 68 0.0387166304175
15 69 0.0780734389806
15 70 0.0316937800057
15 71 0.0669197721285
15 72 0.0700910400622
15 73 0.0242549317575
15 74 0.0258753053654
15 75 0.0263991988292
16 17 0.0597877005892
16 18 0.0849970072585
16 19 0.0857144328332
16 20 0.0816334982212
16 21 0.179525189134
16 22 0.0794749274863
16 23 0.0290575277368
16 24 0.238777124246
16 25 0.148269370559
16 26 0.118579602
16 27 0.0275722890058
16 28 0.0672152555268
16 29 0.0985919825283
16 30 0.135388822492
16 31 0.0938059829624
16 32 0.146836258072
16 33 0.0283558405214
16 34 0.123808059343
16 35 0.113104542526
16 36 0.160848243798
16 37 0.120150042417
16 38 0.0175616305764
16 39 0.0704314031574
16 40 0.019349285789
16 41 0.162621469446
16 42 0.013825812237
16 43 0.158401706872
16 44 0.198738211262
16 45 0.235825938883
16 46 0.0529003991239
16 47 0.0561495431151
16 48 0.196543899102
16 49 0.0768269691933
16 50 0.0335956574912
16 51 0.129219682166
16 52 0.156515094569
16 53 0.0531129570477
16 54 0.0681201602148
16 55 0.20568895937
16 56 0.243641690418
16 57 0.175465083724
16 58 0.0721895414994
16 59 0.0473837573041
16 60 0.049871184241
16 61 0.119733225486
16 62 0.0474827327898
16 63 0.046324688353
16 64 0.0459027795914
16 65 0.00525322222604
16 66 0.0735588136317
16 67 0.214346066294
16 68 0.0473368971222
16 69 0.0596631702137
16 70 0.147930168585
16 71 0.164171399563
16 72 0.0520996404805
16 73 0.0328253010611
16 74 0.0518282618049
16 75 0.0590516167656
17 18 0.0938246150186
17 19 0.152587447952
17 20 0.305162449201
17 21 0.0826109573654
17 22 0.0985543821332
17 23 0.0718297129032
17 24 0.069512387824
17 25 0.0755928047722
17 26 0.0441711016622
17 27 0.060642169396
17 28 0.0567407439125
17 29 0.0860576127142
17 30 0.065691629596
17 31 0.0263700718744
17 32 0.0270952593599
17 33 0.061087834806
17 34 0.067946523912
17 35 0.0872967228802
17 36 0.0681902600255
17 37 0.0795097698556
17 38 0.045897018354
17 39 0.0482669935523
17 40 0.0345826636611
17 41 0.174343681784
17 42 0.0184579503429
17 43 0.0646243579513
17 44 0.0785709358353
17 45 0.121878758335
17 46 0.0470018867043
17 47 0.133001897479
17 48 0.0589028932397
17 49 0.071158863686
17 50 0.103511714995
17 51 0.0447566668061
17 52 0.0734253628583
17 53 0.064428544371
17 54 0.122729531554
17 55 0.089648334948
17 56 0.110661167289
17 57 0.0779782403606
17 58 0.0520430591495
17 59 0.0958822924027
17 60 0.0261470703753
17 61 0.0767878829721
17 62 0.0919110648839
17 63 0.0774260730251
17 64 0.27855922661
17 65 0.0195735023043
17 66 0.123547560589
17 67 0.0580121044963
17 68 0.0440108507675
17 69 0.152961205363
17 70 0.0606083638411
17 71 0.10568845824
17 72 0.109517987493
17 73 0.0436696854141
17 74 0.0271019313509
17 75 0.0454742006332
18 19 0.0726982980893
18 20 0.132278102117
18 21 0.0689774551548
18 22 0.151476918722
18 23 0.0700358596942
18 24 0.0720871919446
18 25 0.0508881674087
18 26 0.0959215412725
18 27 0.041161656807
18 28 0.0472145088829
18 29 0.0771331341441
18 30 0.0628326589548
18 31 0.0326803179927
18 32 0.0356544806676
18 33 0.0418099105015
18 34 0.0563966988433
18 35 0.0633915318901
18 36 0.0630290037775
18 37 0.0602540295529
18 38 0.0271764137484
18 39 0.0332338344405
18 40 0.0591826434818
18 41 0.103452568717
18 42 0.0799518682439
18 43 0.0614376333191
18 44 0.0712973343514
18 45 0.0640465553404
18 46 0.0483877141509
18 47 0.130997489781
18 48 0.0628157800359
18 49 0.0459148452466
18 50 0.0801239291248
18 51 0.059703770436
18 52 0.0660346571185
18 53 0.06268607314
18 54 0.124996537429
18 55 0.0763099202761
18 56 0.0572653029427
18 57 0.064197717019
18 58 0.033586966115
18 59 0.0767139921868
18 60 0.051729368462
18 61 0.0527711114324
18 62 0.0813164674575
18 63 0.0792856600929
18 64 0.112237665592
18 65 0.0114832339353
18 66 0.0915160368279
18 67 0.0667468090917
18 68 0.0363807447104
18 69 0.0798162002643
18 70 0.0450529108935
18 71 0.0734628039054
18 72 0.0950495118321
18 73 0.0939639852984
18 74 0.022403251135
18 75 0.0475530753654
19 20 0.185964250008
19 21 0.112157963651
19 22 0.115843679982
19 23 0.0442319954388
19 24 0.0732249300098
19 25 0.117562215122
19 26 0.0403633468762
19 27 0.0815051292188
19 28 0.0896480596657
19 29 0.118395174533
19 30 0.0698171623167
19 31 0.0264634204769
19 32 0.0717582763501
19 33 0.0830989377847
19 34 0.0625020136842
19 35 0.0746568846894
19 36 0.0684498371985
19 37 0.0910505908399
19 38 0.0317688081101
19 39 0.0928749607953
19 40 0.0352379295512
19 41 0.11500187572
19 42 0.0148592011206
19 43 0.0673175889256
19 44 0.0992979167057
19 45 0.0674057847484
19 46 0.0650248640142
19 47 0.120845934362
19 48 0.115055328178
19 49 0.105747166467
19 50 0.0707238393213
19 51 0.0439361424001
19 52 0.0646934827037
19 53 0.18950758456
19 54 0.0719061471199
19 55 0.0744277446727
19 56 0.0628157791486
19 57 0.0688994856488
19 58 0.0935503750661
19 59 0.0525076780705
19 60 0.0492075981069
19 61 0.05141836945
19 62 0.105056362421
19 63 0.0774141038294
19 64 0.0967599267689
19 65 0.0109610685787
19 66 0.113699658059
19 67 0.0592977095789
19 68 0.0355840552952
19 69 0.0866249173866
19 70 0.0459635898691
19 71 0.0860136701054
19 72 0.093353999228
19 73 0.0541661529162
19 74 0.0520190150843
19 75 0.0307561268603
20 21 0.114750123433
20 22 0.154055275569
20 23 0.0792750470887
20 24 0.0930457353657
20 25 0.117870910662
20 26 0.0552712029587
20 27 0.0848850752763
20 28 0.102488183938
20 29 0.128664740495
20 30 0.0710435593347
20 31 0.0321719383105
20 32 0.0653669782414
20 33 0.0857611220411
20 34 0.0849108582171
20 35 0.0967403896018
20 36 0.0843502078381
20 37 0.103913092408
20 38 0.0560166852333
20 39 0.0990411600673
20 40 0.0409969820866
20 41 0.195321041568
20 42 0.0252097068576
20 43 0.0757220152253
20 44 0.113459714616
20 45 0.0918900142863
20 46 0.0748118860029
20 47 0.15599148634
20 48 0.085557470072
20 49 0.115386990481
20 50 0.129068864368
20 51 0.0613428973762
20 52 0.0884816072422
20 53 0.0798353334703
20 54 0.133195902231
20 55 0.109190688697
20 56 0.0815325589042
20 57 0.0876939989728
20 58 0.100762615761
20 59 0.0997559365186
20 60 0.0543629058181
20 61 0.0746256581646
20 62 0.12397801296
20 63 0.106907407422
20 64 0.235622858829
20 65 0.0206326259141
20 66 0.13606694068
20 67 0.0634494878905
20 68 0.0594696421427
20 69 0.154931346477
20 70 0.0585003342157
20 71 0.123200472623
20 72 0.133769944373
20 73 0.0602754525662
20 74 0.0574756027007
20 75 0.0497299851156
21 22 0.332428633292
21 23 0.0476554047143
21 24 0.224046874337
21 25 0.0947442277135
21 26 0.110730093144
21 27 0.057343870819
21 28 0.0398075567051
21 29 0.0923805996983
21 30 0.127199580118
21 31 0.08740468306
21 32 0.10375784198
21 33 0.0583614742927
21 34 0.505478737377
21 35 0.433756431496
21 36 0.711813502859
21 37 0.476081737678
21 38 0.0411041870768
21 39 0.0222821276709
21 40 0.0256498604719
21 41 0.143890976823
21 42 0.0223983525571
21 43 0.676151909561
21 44 0.153512708612
21 45 0.825619955559
21 46 0.0427259363386
21 47 0.0749199102877
21 48 0.164358411304
21 49 0.0402927448333
21 50 0.081796476164
21 51 0.128172268256
21 52 0.668594252205
21 53 0.0588744984757
21 54 0.0773207591231
21 55 0.495650178652
21 56 0.825067293287
21 57 0.733979024997
21 58 0.0220898974188
21 59 0.0648737689143
21 60 0.0226045420522
21 61 0.484165049791
21 62 0.059312619679
21 63 0.0480124928985
21 64 0.0883968992968
21 65 0.0116576467186
21 66 0.0873070199651
21 67 0.837659504033
21 68 0.0498199572268
21 69 0.0905465963781
21 70 0.637191353514
21 71 0.65827624543
21 72 0.0599688329991
21 73 0.0332606965901
21 74 0.0229169535472
21 75 0.056772605286
22 23 0.117800932378
22 24 0.130992252284
22 25 0.0748751719338
22 26 0.10285030893
22 27 0.0806632240874
22 28 0.0592088998148
22 29 0.0966453691924
22 30 0.0717718470096
22 31 0.0460346616099
22 32 0.0513567053598
22 33 0.0811103425944
22 34 0.0917946444653
22 35 0.102044557824
22 36 0.102260466005
22 37 0.110098697468
22 38 0.0638809846721
22 39 0.0466635899862
22 40 0.0914477820364
22 41 0.108103384594
22 42 0.045020644669
22 43 0.0877758371765
22 44 0.077564463925
22 45 0.0779748282743
22 46 0.0801563140484
22 47 0.113585442895
22 48 0.103604250853
22 49 0.0734794691666
22 50 0.153541269555
22 51 0.070793671702
22 52 0.0945418035834
22 53 0.0826283543609
22 54 0.171860888378
22 55 0.10922382977
22 56 0.0733311796487
22 57 0.081880959282
22 58 0.0434976729268
22 59 0.127184213447
22 60 0.0674437441273
22 61 0.0830699824046
22 62 0.104966170408
22 63 0.108526865587
22 64 0.128640213809
22 65 0.0210122257377
22 66 0.11201252158
22 67 0.0760873729815
22 68 0.0571800034613
22 69 0.125413364172
22 70 0.0633235932446
22 71 0.11004648005
22 72 0.122310243359
22 73 0.271978484522
22 74 0.0338659872194
22 75 0.0639078418056
23 24 0.417464977268
23 25 0.259161555235
23 26 0.104523250429
23 27 0.0439919616524
23 28 0.0425583666867
23 29 0.0529172493362
23 30 0.0358998506522
23 31 0.0169965720084
23 32 0.0157275737396
23 33 0.0441971081801
23 34 0.0533377643455
23 35 0.471103071258
23 36 0.0434819904834
23 37 0.0497325198958
23 38 0.0347161224174
23 39 0.0279247026346
23 40 0.0442439353682
23 41 0.0718772743418
23 42 0.0217838008465
23 43 0.0342438197702
23 44 0.0366524420452
23 45 0.0332831392429
23 46 0.0359273707511
23 47 0.0781006526647
23 48 0.038065171677
23 49 0.0393194171807
23 50 0.109758382866
23 51 0.0346430858795
23 52 0.0430373456391
23 53 0.0699840152922
23 54 0.0958840305579
23 55 0.0463340776893
23 56 0.0275550239749
23 57 0.0360131957968
23 58 0.0271438104892
23 59 0.0740031675525
23 60 0.0817485420429
23 61 0.0436683509819
23 62 0.05814506523
23 63 0.0517045763619
23 64 0.120775306425
23 65 0.0127385601639
23 66 0.064003784216
23 67 0.0248496670709
23 68 0.0292976661746
23 69 0.0819500997658
23 70 0.0305964947565
23 71 0.0569886992007
23 72 0.0616777147727
23 73 0.120418287437
23 74 0.0199086122593
23 75 0.0443562006706
24 25 0.397720390649
24 26 0.140490317685
24 27 0.13633023255
24 28 0.0660994207753
24 29 0.175587906663
24 30 0.155824512358
24 31 0.112530356399
24 32 0.143599239593
24 33 0.138403544643
24 34 0.184775744966
24 35 0.619216976514
24 36 0.213716087264
24 37 0.232799698697
24 38 0.0398236952986
24 39 0.0341192052363
24 40 0.0303141292766
24 41 0.185157946072
24 42 0.0249422210587
24 43 0.193465061764
24 44 0.199253705701
24 45 0.273640942339
24 46 0.0553474261338
24 47 0.0844703360835
24 48 0.234252885579
24 49 0.051059864272
24 50 0.0868642287528
24 51 0.175687706639
24 52 0.20097997988
24 53 0.0711362112433
24 54 0.0856102409286
24 55 0.249480773353
24 56 0.281064764462
24 57 0.213877112797
24 58 0.0371495338321
24 59 0.0879907019427
24 60 0.0351829103398
24 61 0.158342152319
24 62 0.0541862087417
24 63 0.048172379487
24 64 0.0900309983346
24 65 0.0124145116639
24 66 0.0949331979632
24 67 0.247539529402
24 68 0.0575101384601
24 69 0.105341422368
24 70 0.184044465872
24 71 0.218020943595
24 72 0.0569295727358
24 73 0.0392125386511
24 74 0.0370235251732
24 75 0.0734806501125
25 26 0.0609297000749
25 27 0.0475225293246
25 28 0.188311304143
25 29 0.13970531708
25 30 0.158213274336
25 31 0.0477782565145
25 32 0.137078770179
25 33 0.0481107288595
25 34 0.0827782793446
25 35 0.366174714349
25 36 0.0843815763623
25 37 0.085298836928
25 38 0.0232938234592
25 39 0.187765723083
25 40 0.0222983123985
25 41 0.123976067997
25 42 0.0160193530346
25 43 0.0776599370688
25 44 0.189430557564
25 45 0.106377798365
25 46 0.0857338695517
25 47 0.0947818545339
25 48 0.109274545537
25 49 0.189742779838
25 50 0.0543357105782
25 51 0.0691033532794
25 52 0.0840437170377
25 53 0.0383205789881
25 54 0.0606409190801
25 55 0.0991856510373
25 56 0.10475958473
25 57 0.0847278343067
25 58 0.198830619514
25 59 0.0499261643614
25 60 0.0957783390599
25 61 0.0676545497013
25 62 0.109272753643
25 63 0.107323534263
25 64 0.0684966927153
25 65 0.00811500238398
25 66 0.0971981872057
25 67 0.0906443994184
25 68 0.0538616255257
25 69 0.065438893375
25 70 0.070240188311
25 71 0.0932575098852
25 72 0.108492140856
25 73 0.0288474252387
25 74 0.10043520711
25 75 0.035421416363
26 27 0.0327324736644
26 28 0.0292221968112
26 29 0.0570593465557
26 30 0.447599829171
26 31 0.370051902309
26 32 0.158589117864
26 33 0.0336041809522
26 34 0.077227453772
26 35 0.0696179850906
26 36 0.0958542233168
26 37 0.0773321490732
26 38 0.0241466669208
26 39 0.0192482966484
26 40 0.0500175417947
26 41 0.0911765805508
26 42 0.0197389580638
26 43 0.0952739187267
26 44 0.098024476806
26 45 0.123693616266
26 46 0.031078308011
26 47 0.0490179529492
26 48 0.104944505569
26 49 0.0270207290567
26 50 0.0593631152002
26 51 0.0804805485687
26 52 0.0920949738791
26 53 0.0611146890382
26 54 0.0887208866384
26 55 0.12127078355
26 56 0.127087617473
26 57 0.102037684127
26 58 0.0192321114902
26 59 0.0478868732789
26 60 0.0962042888625
26 61 0.0748172134249
26 62 0.0368860156167
26 63 0.0314000180882
26 64 0.0611398265718
26 65 0.00708262967522
26 66 0.056573391062
26 67 0.115837898585
26 68 0.0333344899742
26 69 0.0582369042843
26 70 0.0836059231575
26 71 0.101458151109
26 72 0.0403049139579
26 73 0.0265158180779
26 74 0.019019519932
26 75 0.0877213800187
27 28 0.0289886491249
27 29 0.680875469909
27 30 0.0340794282567
27 31 0.0169308830221
27 32 0.0210249972355
27 33 0.996335725787
27 34 0.0507636234451
27 35 0.0860573639131
27 36 0.0758086599907
27 37 0.791359951064
27 38 0.032989831769
27 39 0.018192037639
27 40 0.0248396425479
27 41 0.0602392891328
27 42 0.0150593335002
27 43 0.0453101108328
27 44 0.0351891648183
27 45 0.0408557468645
27 46 0.0321509618422
27 47 0.0727277893236
27 48 0.0397470718683
27 49 0.0292891305801
27 50 0.0700965289612
27 51 0.0256314606505
27 52 0.0518608948639
27 53 0.0482243100752
27 54 0.0553922255314
27 55 0.0556719816533
27 56 0.0376940230263
27 57 0.0481110500197
27 58 0.0196551051399
27 59 0.0511483306782
27 60 0.0214762850215
27 61 0.0528132971272
27 62 0.0426127202509
27 63 0.0350032206911
27 64 0.0617238060628
27 65 0.0122087559238
27 66 0.055102755144
27 67 0.0287269517431
27 68 0.0197784851493
27 69 0.0694385384573
27 70 0.0344979217885
27 71 0.0741540491532
27 72 0.0438522991873
27 73 0.0282930979306
27 74 0.0153122279037
27 75 0.0226592237794
28 29 0.168201544929
28 30 0.0763570409597
28 31 0.0167182342184
28 32 0.0764341413415
28 33 0.0293648989789
28 34 0.378896362202
28 35 0.0464396482182
28 36 0.0362188099422
28 37 0.0427445638538
28 38 0.0297155900772
28 39 0.184097584332
28 40 0.0234917178006
28 41 0.0738530527013
28 42 0.0119951913896
28 43 0.0439752009544
28 44 0.152942660922
28 45 0.0338599279571
28 46 0.0626488526401
28 47 0.198851571037
28 48 0.0488669375338
28 49 0.157393938148
28 50 0.0554305966664
28 51 0.0280740582445
28 52 0.0416697224693
28 53 0.0268166594304
28 54 0.0504856515845
28 55 0.0362182614589
28 56 0.031430204562
28 57 0.0400692510201
28 58 0.195960404361
28 59 0.0352682307734
28 60 0.0726025092424
28 61 0.033504735811
28 62 0.191073594977
28 63 0.150218910717
28 64 0.0598085747
28 65 0.00717479940946
28 66 0.194342113931
28 67 0.0316089021312
28 68 0.0507459852233
28 69 0.0569408150888
28 70 0.0231052583757
28 71 0.0451881084496
28 72 0.175353580372
28 73 0.030836194291
28 74 0.0709594667066
28 75 0.0222999597815
29 30 0.106203364529
29 31 0.0378449494903
29 32 0.0715855055194
29 33 0.685729665234
29 34 0.075403751649
29 35 0.0856056320131
29 36 0.20789105952
29 37 0.621790221369
29 38 0.0290396891839
29 39 0.142866433527
29 40 0.0320830523836
29 41 0.141931388442
29 42 0.0171942197815
29 43 0.075669196209
29 44 0.189812764074
29 45 0.0901710620942
29 46 0.053589646119
29 47 0.31408988419
29 48 0.0846673902942
29 49 0.122750896148
29 50 0.0780137648154
29 51 0.0651686065066
29 52 0.0793848982535
29 53 0.0451716337616
29 54 0.0807838564748
29 55 0.0875881705662
29 56 0.0900640124945
29 57 0.0802904255018
29 58 0.149152595394
29 59 0.054677766305
29 60 0.0463918548927
29 61 0.0684408701166
29 62 0.242925368028
29 63 0.194937177561
29 64 0.0911606318827
29 65 0.0108563225231
29 66 0.278764695174
29 67 0.0801697263325
29 68 0.0637981569535
29 69 0.0808597277289
29 70 0.0614244283405
29 71 0.0950089523864
29 72 0.247344139253
29 73 0.0437192907846
29 74 0.0441710636945
29 75 0.0362825805762
30 31 0.171253137072
30 32 0.237366178508
30 33 0.0367581475787
30 34 0.0913844670218
30 35 0.0768058672736
30 36 0.107001966133
30 37 0.0882462526705
30 38 0.0209193911588
30 39 0.0633600837641
30 40 0.0236989149829
30 41 0.17846314004
30 42 0.0124866650938
30 43 0.106444513938
30 44 0.153373701564
30 45 0.145350941303
30 46 0.0331650388968
30 47 0.128059469725
30 48 0.110164929823
30 49 0.0796379778671
30 50 0.0630617019456
30 51 0.0958909610025
30 52 0.102056033243
30 53 0.035238476582
30 54 0.0645151957504
30 55 0.132463493483
30 56 0.146891400957
30 57 0.113433738657
30 58 0.0804682105084
30 59 0.0443465182633
30 60 0.0164780049236
30 61 0.0835738449432
30 62 0.0815243402093
30 63 0.0921953784892
30 64 0.0653341950734
30 65 0.00959152445759
30 66 0.0863415716323
30 67 0.129569699422
30 68 0.055679000822
30 69 0.0626709438504
30 70 0.092921906684
30 71 0.115105080625
30 72 0.120199859562
30 73 0.0242221536459
30 74 0.0196494551176
30 75 0.0569980701306
31 32 0.0864809289549
31 33 0.017514265244
31 34 0.0593363220791
31 35 0.0553148871751
31 36 0.077250494951
31 37 0.0589570944251
31 38 0.0161326134336
31 39 0.0111263789413
31 40 0.0112837748308
31 41 0.0695652462802
31 42 0.00984099959348
31 43 0.0757926416851
31 44 0.0779857144923
31 45 0.104325186806
31 46 0.0180915150517
31 47 0.0263589197423
31 48 0.0837733674659
31 49 0.0151390620211
31 50 0.0285516941551
31 51 0.0619714899829
31 52 0.0741934505749
31 53 0.0265765735294
31 54 0.0393925299466
31 55 0.0960160245401
31 56 0.109349614222
31 57 0.0826214968869
31 58 0.0124822036137
31 59 0.0297545188238
31 60 0.0110860569773
31 61 0.0583768912387
31 62 0.0176282845759
31 63 0.0169608965159
31 64 0.0279462864089
31 65 0.00409939889757
31 66 0.033788509353
31 67 0.0970441894011
31 68 0.0221915940547
31 69 0.0364395242941
31 70 0.0693074119057
31 71 0.0809674144451
31 72 0.0204667934457
31 73 0.0135466518231
31 74 0.0116986388743
31 75 0.047890351968
32 33 0.0219875338523
32 34 0.0698745954326
32 35 0.0675774047925
32 36 0.0916040620654
32 37 0.0716284713125
32 38 0.0149583122312
32 39 0.0943579995838
32 40 0.0120403620075
32 41 0.0975404941645
32 42 0.00931491790292
32 43 0.0890019696705
32 44 0.138540274872
32 45 0.12635873972
32 46 0.0553651209643
32 47 0.0303138927192
32 48 0.117048445957
32 49 0.0945241021635
32 50 0.0263618125128
32 51 0.0711446002161
32 52 0.0885352892997
32 53 0.0334746734841
32 54 0.0354851388535
32 55 0.115992932621
32 56 0.130481434987
32 57 0.0988655122053
32 58 0.0965174141645
32 59 0.0325809871583
32 60 0.0557421457152
32 61 0.06804703228
32 62 0.0395513359083
32 63 0.0372702254523
32 64 0.0267226601407
32 65 0.00546516943505
32 66 0.0467873137558
32 67 0.115459670877
32 68 0.0323126149269
32 69 0.0403725582906
32 70 0.0816093552523
32 71 0.0967733375038
32 72 0.0388440835438
32 73 0.0144765664044
32 74 0.0610185856055
32 75 0.0354323135289
33 34 0.0512995739494
33 35 0.0873152236898
33 36 0.0769966749027
33 37 0.794475221522
33 38 0.032499288852
33 39 0.0183781814235
33 40 0.0254044226443
33 41 0.060822885556
33 42 0.0149890863456
33 43 0.0463153738833
33 44 0.03670431672
33 45 0.0423853672501
33 46 0.0327224975286
33 47 0.073487007677
33 48 0.0409203272659
33 49 0.0296459050249
33 50 0.0710927994946
33 51 0.0261900444415
33 52 0.054180820226
33 53 0.0463458650477
33 54 0.0559666411666
33 55 0.056471856396
33 56 0.0390818139639
33 57 0.0494091778066
33 58 0.0198130477781
33 59 0.0495662591941
33 60 0.0215429150774
33 61 0.0530536518836
33 62 0.0439531977339
33 63 0.0359393062496
33 64 0.0628849354604
33 65 0.0123577753574
33 66 0.0558321844688
33 67 0.0300302669578
33 68 0.0204498201949
33 69 0.0717920134643
33 70 0.0355690473944
33 71 0.0751332885035
33 72 0.0445259888504
33 73 0.0293445351319
33 74 0.0151163106185
33 75 0.0231506790527
34 35 0.30277512583
34 36 0.476597316862
34 37 0.333798107055
34 38 0.0535677360723
34 39 0.0220676218253
34 40 0.0230999300116
34 41 0.111734657356
34 42 0.0189636626208
34 43 0.474670725333
34 44 0.111400561801
34 45 0.548382997383
34 46 0.0371249996621
34 47 0.0750579184366
34 48 0.123450648474
34 49 0.0372746289847
34 50 0.0799582279381
34 51 0.0948575362681
34 52 0.461483537701
34 53 0.0518078045725
34 54 0.0683367376853
34 55 0.332558559935
34 56 0.550140066122
34 57 0.499076550309
34 58 0.0226459021558
34 59 0.0551177894558
34 60 0.0232213310417
34 61 0.333799166851
34 62 0.0605420447249
34 63 0.045303298638
34 64 0.0842886214512
34 65 0.012034924221
34 66 0.0797200141795
34 67 0.556624092255
34 68 0.0440351148088
34 69 0.0912914546183
34 70 0.42452520423
34 71 0.452786380639
34 72 0.0549704866006
34 73 0.0284008771004
34 74 0.0212582930372
34 75 0.0463097123865
35 36 0.412301165846
35 37 0.315917438971
35 38 0.0381103083554
35 39 0.0240002701313
35 40 0.0291081163411
35 41 0.102251905027
35 42 0.0226102152803
35 43 0.379937229827
35 44 0.0967012917859
35 45 0.460858873472
35 46 0.0436985471471
35 47 0.0735552281901
35 48 0.110948900946
35 49 0.0380972166507
35 50 0.0719813685918
35 51 0.0895798598897
35 52 0.390265140802
35 53 0.067246885683
35 54 0.0688682243801
35 55 0.304518071022
35 56 0.450978067649
35 57 0.420713245871
35 58 0.0254354411072
35 59 0.0629478772652
35 60 0.0218232961116
35 61 0.287445097495
35 62 0.0540993006253
35 63 0.0442861806416
35 64 0.0844234572148
35 65 0.014828272905
35 66 0.0747931193299
35 67 0.455629779483
35 68 0.0379526087705
35 69 0.0876972244844
35 70 0.361157332344
35 71 0.417320356796
35 72 0.051535619098
35 73 0.0369177866565
35 74 0.0261975705536
35 75 0.0405546172011
36 37 0.469970155243
36 38 0.0402112850253
36 39 0.0212197942289
36 40 0.0223985441938
36 41 0.127162792642
36 42 0.0217484122425
36 43 0.64735341403
36 44 0.142381148309
36 45 0.774879544886
36 46 0.0379834542167
36 47 0.0669057690415
36 48 0.1575997189
36 49 0.0350582980965
36 50 0.0718765055265
36 51 0.119515760116
36 52 0.631267903496
36 53 0.0532860291016
36 54 0.0678429099837
36 55 0.456304454166
36 56 0.773555427682
36 57 0.694496687212
36 58 0.0216224202715
36 59 0.058409259309
36 60 0.0220595669031
36 61 0.456322529217
36 62 0.0534566432424
36 63 0.0426184285955
36 64 0.0801829361398
36 65 0.0108073552252
36 66 0.0823090745042
36 67 0.78733509912
36 68 0.0458069908633
36 69 0.0835054179287
36 70 0.608114757529
36 71 0.624134480381
36 72 0.0513672215325
36 73 0.0297355778335
36 74 0.0219583318519
36 75 0.0505157886802
37 38 0.0395158521247
37 39 0.0231541429772
37 40 0.0290516132451
37 41 0.114949008783
37 42 0.0202891850975
37 43 0.424596546489
37 44 0.11050910247
37 45 0.51276654735
37 46 0.0410049383761
37 47 0.083087735638
37 48 0.120393944566
37 49 0.0373107659072
37 50 0.0788700928666
37 51 0.0847806601427
37 52 0.42472844103
37 53 0.0598451573522
37 54 0.0758294242302
37 55 0.322108079732
37 56 0.51020809136
37 57 0.460673594923
37 58 0.0244742605793
37 59 0.0649049469256
37 60 0.0243010007961
37 61 0.319647065767
37 62 0.0519550215306
37 63 0.0448717761564
37 64 0.0802866873533
37 65 0.0141111048737
37 66 0.0794093929643
37 67 0.510581377844
37 68 0.0366782318545
37 69 0.0918134493574
37 70 0.401382116173
37 71 0.432004725851
37 72 0.0558700976181
37 73 0.0348671578143
37 74 0.0224672228017
37 75 0.0425141527338
38 39 0.0173514042779
38 40 0.0163260216615
38 41 0.0373962229787
38 42 0.022267472622
38 43 0.127105417797
38 44 0.0262611135057
38 45 0.0241373236018
38 46 0.0833113040227
38 47 0.0356931807308
38 48 0.0469624827317
38 49 0.0257839185323
38 50 0.083760996054
38 51 0.0254327531937
38 52 0.0501661569997
38 53 0.0356037591138
38 54 0.0463933464282
38 55 0.0421498595587
38 56 0.022306736923
38 57 0.0418718703431
38 58 0.015667224345
38 59 0.0458991237952
38 60 0.0210188824916
38 61 0.0300149576122
38 62 0.0334298928796
38 63 0.0262995892815
38 64 0.0692833402454
38 65 0.00906874325042
38 66 0.0434754236998
38 67 0.0172583924601
38 68 0.0218709942465
38 69 0.0770543155641
38 70 0.0219092799456
38 71 0.061673850155
38 72 0.033896108226
38 73 0.0240264752222
38 74 0.0140357096953
38 75 0.0247792982558
39 40 0.107986467665
39 41 0.0634986653157
39 42 0.010733997869
39 43 0.0229016406927
39 44 0.15233353049
39 45 0.016048325975
39 46 0.0754480553802
39 47 0.157134120623
39 48 0.0457244093554
39 49 0.189430707056
39 50 0.121256653496
39 51 0.0152791954662
39 52 0.0265276855035
39 53 0.0227960414045
39 54 0.0573010761459
39 55 0.0254866170961
39 56 0.0142488135619
39 57 0.0213677337403
39 58 0.452257777439
39 59 0.0328765214959
39 60 0.0919799867836
39 61 0.0218448427088
39 62 0.173806782974
39 63 0.147531892536
39 64 0.0479605198091
39 65 0.00596101027098
39 66 0.168489896909
39 67 0.015410555681
39 68 0.0469471633616
39 69 0.053002799029
39 70 0.0150628935526
39 71 0.0578041746378
39 72 0.165863855018
39 73 0.0218884937425
39 74 0.0985746963051
39 75 0.0193996877556
40 41 0.0344036414709
40 42 0.0119435667184
40 43 0.0231211755428
40 44 0.021817208702
40 45 0.0166821248488
40 46 0.025926984121
40 47 0.0474988552315
40 48 0.0349120767287
40 49 0.02807019391
40 50 0.344983713933
40 51 0.0244526945069
40 52 0.0257071588645
40 53 0.0262367479795
40 54 0.0785795826898
40 55 0.0359316385904
40 56 0.0159010780252
40 57 0.0232878216451
40 58 0.038428192363
40 59 0.0327696016854
40 60 0.0364839372376
40 61 0.021916518861
40 62 0.0440240706287
40 63 0.0419206808362
40 64 0.0407340583333
40 65 0.00630140538105
40 66 0.044255695965
40 67 0.0199220666252
40 68 0.0201528008077
40 69 0.0459298164321
40 70 0.0147344936754
40 71 0.112209866899
40 72 0.049657528258
40 73 0.049059775173
40 74 0.00922911101608
40 75 0.0143125366551
41 42 0.0186628323188
41 43 0.12532393422
41 44 0.157280303016
41 45 0.168121292108
41 46 0.0501066499947
41 47 0.198719588154
41 48 0.1323032602
41 49 0.102467332873
41 50 0.114903900103
41 51 0.106540817075
41 52 0.124203591004
41 53 0.076131243815
41 54 0.121555914499
41 55 0.170233497959
41 56 0.172436409564
41 57 0.149064090682
41 58 0.0661430203819
41 59 0.098438109297
41 60 0.0421245200137
41 61 0.112449798047
41 62 0.103800716839
41 63 0.103119568604
41 64 0.191450762377
41 65 0.0145340407349
41 66 0.120843301448
41 67 0.14842164713
41 68 0.0883088599258
41 69 0.116456003183
41 70 0.105644930854
41 71 0.153792086017
41 72 0.157454404501
41 73 0.0376683410355
41 74 0.0433811340504
41 75 0.0662154454274
42 43 0.088170806799
42 44 0.0169433503903
42 45 0.0136378932642
42 46 0.0145369038603
42 47 0.0269328637001
42 48 0.0212507321371
42 49 0.0132230814398
42 50 0.0347291107933
42 51 0.013566989293
42 52 0.0226908506289
42 53 0.0195464573628
42 54 0.0275745514787
42 55 0.0265703104808
42 56 0.0126543474363
42 57 0.0207406397332
42 58 0.0104700838952
42 59 0.0229091232436
42 60 0.012714832372
42 61 0.0186908477435
42 62 0.0255229835869
42 63 0.022175105609
42 64 0.0270592349984
42 65 0.00471653772897
42 66 0.0262184897947
42 67 0.013751858693
42 68 0.0131981278143
42 69 0.0301352537334
42 70 0.0133816941865
42 71 0.025371806346
42 72 0.0262371059774
42 73 0.0253457919612
42 74 0.00869507969435
42 75 0.0137302144293
43 44 0.141720304345
43 45 0.744426614513
43 46 0.0461920222483
43 47 0.0598009765169
43 48 0.157166022261
43 49 0.0357098008016
43 50 0.0793850239082
43 51 0.115752874435
43 52 0.617799857073
43 53 0.0544878618966
43 54 0.0678878509623
43 55 0.43780883916
43 56 0.743810157934
43 57 0.670709528697
43 58 0.0211158134168
43 59 0.0568448658283
43 60 0.0284485711726
43 61 0.453258715135
43 62 0.0488985710299
43 63 0.0399869815497
43 64 0.0784649665138
43 65 0.0103785041684
43 66 0.0904429156658
43 67 0.757501175916
43 68 0.0446534026713
43 69 0.0915110838129
43 70 0.579473070047
43 71 0.601099156201
43 72 0.0467694224778
43 73 0.0304967122431
43 74 0.0216667322616
43 75 0.0480381722468
44 45 0.216944751396
44 46 0.0852764610699
44 47 0.208711073067
44 48 0.157796055429
44 49 0.137578372543
44 50 0.0592473959173
44 51 0.109737081942
44 52 0.138853749547
44 53 0.048823640765
44 54 0.0728635027214
44 55 0.169375926427
44 56 0.201799944059
44 57 0.150985178741
44 58 0.161832140073
44 59 0.0545739320644
44 60 0.0689467933423
44 61 0.123043041541
44 62 0.148747605711
44 63 0.127580410171
44 64 0.0656403886187
44 65 0.0086191754371
44 66 0.207517127877
44 67 0.183527998677
44 68 0.0551790710809
44 69 0.0783475221352
44 70 0.127119783588
44 71 0.14873845329
44 72 0.162838475706
44 73 0.0275511830441
44 74 0.0659784660723
44 75 0.0529477796134
45 46 0.0388639956417
45 47 0.0518387409676
45 48 0.198527094383
45 49 0.0291698537316
45 50 0.0437825332322
45 51 0.146863018754
45 52 0.731276398459
45 53 0.0513802047129
45 54 0.0620029867753
45 55 0.55768592023
45 56 0.970320353889
45 57 0.81868572975
45 58 0.017273953228
45 59 0.0517218620387
45 60 0.0159033465115
45 61 0.529633795114
45 62 0.0368735935052
45 63 0.0321776087309
45 64 0.0701730788072
45 65 0.00767867719357
45 66 0.0776527480546
45 67 0.946533811026
45 68 0.0650716599398
45 69 0.078248056165
45 70 0.717246542509
45 71 0.714630653276
45 72 0.0403028577138
45 73 0.0204306737593
45 74 0.0203226813078
45 75 0.0576318042367
46 47 0.0475994833746
46 48 0.0593379969652
46 49 0.0811754134259
46 50 0.0516799600351
46 51 0.0296622914468
46 52 0.0428289515823
46 53 0.0305223718997
46 54 0.0626758963289
46 55 0.0478427916817
46 56 0.0297590333668
46 57 0.0389567971245
46 58 0.0760490875506
46 59 0.0433428245962
46 60 0.0469314115692
46 61 0.0319711357122
46 62 0.0491724199096
46 63 0.0456993115636
46 64 0.0504256292194
46 65 0.00787905745398
46 66 0.050209773494
46 67 0.0296972357357
46 68 0.0239963416833
46 69 0.0545548544886
46 70 0.0276937016414
46 71 0.0555608805731
46 72 0.0514351145005
46 73 0.0908818411798
46 74 0.0471401573374
46 75 0.0254101772974
47 48 0.055806411515
47 49 0.140571071704
47 50 0.123002318232
47 51 0.0697368025522
47 52 0.0663178064243
47 53 0.0589672938191
47 54 0.120659397899
47 55 0.0685964197578
47 56 0.0475787047815
47 57 0.0686027038303
47 58 0.163516752343
47 59 0.0956555148828
47 60 0.0320026316985
47 61 0.0818095397675
47 62 0.389528966187
47 63 0.319022081352
47 64 0.150614284048
47 65 0.0338261897571
47 66 0.42421555533
47 67 0.0551069465622
47 68 0.107915046451
47 69 0.102913119849
47 70 0.0409675699384
47 71 0.0880922752422
47 72 0.565361184618
47 73 0.0711623222176
47 74 0.0224463891584
47 75 0.0419985867743
48 49 0.160469048516
48 50 0.0707366778925
48 51 0.420509427724
48 52 0.155977522282
48 53 0.146279854127
48 54 0.11163628909
48 55 0.191882028782
48 56 0.2054869364
48 57 0.163348149973
48 58 0.0457263045562
48 59 0.0783327215006
48 60 0.0361471426969
48 61 0.114280614574
48 62 0.0482135794609
48 63 0.0430801450642
48 64 0.0634807659301
48 65 0.0104658006772
48 66 0.0791417708854
48 67 0.18389781047
48 68 0.0480164704706
48 69 0.0980391263321
48 70 0.137778930872
48 71 0.171985343333
48 72 0.0488591059689
48 73 0.0372804371108
48 74 0.0391773278721
48 75 0.0539624582793
49 50 0.0684459984392
49 51 0.267712951595
49 52 0.0381000571245
49 53 0.0370918149331
49 54 0.0632435232132
49 55 0.0390044819941
49 56 0.0241609901109
49 57 0.0337873919708
49 58 0.190840586481
49 59 0.0520463666692
49 60 0.0915686947598
49 61 0.0340670741305
49 62 0.134721917365
49 63 0.13666424417
49 64 0.0699764963431
49 65 0.00892673480418
49 66 0.121877181719
49 67 0.0234316135113
49 68 0.0502203057586
49 69 0.0673444857074
49 70 0.0236460905024
49 71 0.0495319893437
49 72 0.152282930596
49 73 0.0305038878505
49 74 0.0942978697087
49 75 0.0238598904707
50 51 0.0466259964875
50 52 0.0804359926479
50 53 0.0853400553953
50 54 0.132720710788
50 55 0.0878612711838
50 56 0.037045540037
50 57 0.0661176235668
50 58 0.0635457532126
50 59 0.11326349137
50 60 0.048420425567
50 61 0.0762030751044
50 62 0.0940192014942
50 63 0.0855248126488
50 64 0.159081805373
50 65 0.0229197042376
50 66 0.108014105394
50 67 0.0357257875134
50 68 0.0507297381236
50 69 0.158860218035
50 70 0.0478130962734
50 71 0.164938056484
50 72 0.114265671173
50 73 0.0508568771254
50 74 0.0340869419136
50 75 0.07233555864
51 52 0.111785655436
51 53 0.0399220453321
51 54 0.0602732997624
51 55 0.13096156753
51 56 0.151065967981
51 57 0.12331501851
51 58 0.0171430032674
51 59 0.0507597420709
51 60 0.0146495283829
51 61 0.0809141637761
51 62 0.0431661324879
51 63 0.0384714638506
51 64 0.0659266945756
51 65 0.00658019857465
51 66 0.0613661393048
51 67 0.138196437737
51 68 0.034200296687
51 69 0.0597180049329
51 70 0.104543985843
51 71 0.115084174482
51 72 0.0477249758331
51 73 0.0278954818983
51 74 0.0177239243473
51 75 0.0475814700751
52 53 0.0568252251641
52 54 0.101039422744
52 55 0.440746253043
52 56 0.731318650758
52 57 0.655495405957
52 58 0.0348709244983
52 59 0.0610221569292
52 60 0.0248882466119
52 61 0.434870399771
52 62 0.0529019405065
52 63 0.0458813628601
52 64 0.07994032576
52 65 0.0118730753616
52 66 0.0824869527929
52 67 0.745532086256
52 68 0.0455630183119
52 69 0.527883245537
52 70 0.573818201701
52 71 0.612723060338
52 72 0.0552255790981
52 73 0.0317209925958
52 74 0.0268064234695
52 75 0.0542974502247
53 54 0.0739691672656
53 55 0.0707818900493
53 56 0.0510650345846
53 57 0.056047875325
53 58 0.0203239458375
53 59 0.687663464424
53 60 0.0612295090616
53 61 0.117529461883
53 62 0.0533203433551
53 63 0.0350137302716
53 64 0.0911559714854
53 65 0.0151246795709
53 66 0.0822193345648
53 67 0.0461747080139
53 68 0.0263100696725
53 69 0.0743810904829
53 70 0.0522011813774
53 71 0.0825543120222
53 72 0.0396473688326
53 73 0.0284474130322
53 74 0.0208458762363
53 75 0.0357193058639
54 55 0.0860160835875
54 56 0.0584535197932
54 57 0.0658934178684
54 58 0.114295355733
54 59 0.0952944611529
54 60 0.0580063970494
54 61 0.0687639929314
54 62 0.0804468459819
54 63 0.0788231164816
54 64 0.132052398429
54 65 0.0169187077805
54 66 0.100995094152
54 67 0.0794871418221
54 68 0.0471878467959
54 69 0.225875841309
54 70 0.0547661286439
54 71 0.311870057351
54 72 0.099029912178
54 73 0.0900712630519
54 74 0.0783196744075
54 75 0.0867467123819
55 56 0.56566969871
55 57 0.483380270055
55 58 0.0250473396806
55 59 0.0757110629644
55 60 0.03067895864
55 61 0.334887817945
55 62 0.0510155036616
55 63 0.0574724925398
55 64 0.0903001650747
55 65 0.0144851458101
55 66 0.0934345982019
55 67 0.546151855128
55 68 0.0517406158546
55 69 0.106056313741
55 70 0.418026360975
55 71 0.4722007984
55 72 0.445798593946
55 73 0.0390760137228
55 74 0.0311820172197
55 75 0.0727714634411
56 57 0.81748065159
56 58 0.0150389959695
56 59 0.049043153526
56 60 0.0146218876453
56 61 0.530627681797
56 62 0.0334886210272
56 63 0.051880602285
56 64 0.0642016441335
56 65 0.00649264869192
56 66 0.0763128468958
56 67 0.958724588071
56 68 0.0604657543886
56 69 0.0761364343484
56 70 0.719337451279
56 71 0.714335553205
56 72 0.0367091201196
56 73 0.0169596870639
56 74 0.0196887411181
56 75 0.0581462164311
57 58 0.0205972552688
57 59 0.0582350780274
57 60 0.0287014479629
57 61 0.490322000216
57 62 0.0521027161987
57 63 0.0416847910319
57 64 0.0884625438003
57 65 0.0109025314725
57 66 0.1039521939
57 67 0.825125406867
57 68 0.485628323464
57 69 0.0854343435959
57 70 0.632424612684
57 71 0.644751032295
57 72 0.050273702581
57 73 0.0310655535913
57 74 0.0231712668438
57 75 0.0522361111719
58 59 0.0317823544302
58 60 0.0921836286372
58 61 0.0217859781832
58 62 0.173074233933
58 63 0.1500361456
58 64 0.0490449235967
58 65 0.00563359227727
58 66 0.166744304569
58 67 0.0193239608228
58 68 0.0468677594219
58 69 0.0824877924389
58 70 0.0150770719067
58 71 0.100318869443
58 72 0.167256228637
58 73 0.021813787891
58 74 0.116047992281
58 75 0.0269804441652
59 60 0.0441694084955
59 61 0.0944918144684
59 62 0.0640779209078
59 63 0.0518603444281
59 64 0.135774964659
59 65 0.0178627381103
59 66 0.0858090770143
59 67 0.0440449420509
59 68 0.0355914853201
59 69 0.0999265066348
59 70 0.049398957641
59 71 0.0814683905851
59 72 0.0624385962411
59 73 0.0659882170117
59 74 0.0244987333702
59 75 0.0474402807503
60 61 0.184494071553
60 62 0.0447032638288
60 63 0.042579049394
60 64 0.0465381692142
60 65 0.00797040235518
60 66 0.0957888579918
60 67 0.0153951489736
60 68 0.0308639718273
60 69 0.0414989264809
60 70 0.0197251092058
60 71 0.0273842658361
60 72 0.041320897108
60 73 0.0194131054137
60 74 0.0590263475718
60 75 0.0192891822921
61 62 0.0582867620342
61 63 0.0428817278947
61 64 0.0934289639643
61 65 0.0171999404236
61 66 0.313925334014
61 67 0.537670797274
61 68 0.0566172982423
61 69 0.0820057558619
61 70 0.420905243339
61 71 0.438036169744
61 72 0.0491637371793
61 73 0.0369750242436
61 74 0.0226609382832
61 75 0.0458185001232
62 63 0.348507314965
62 64 0.197583928249
62 65 0.449859161019
62 66 0.414165338976
62 67 0.0402776479019
62 68 0.140751795581
62 69 0.0845814551854
62 70 0.0296625180251
62 71 0.068268925425
62 72 0.386530745646
62 73 0.127521002201
62 74 0.0369832320456
62 75 0.0322719100744
63 64 0.0852912956397
63 65 0.0110275888432
63 66 0.312341770693
63 67 0.0303063101556
63 68 0.101869598297
63 69 0.0773655217057
63 70 0.0270532919446
63 71 0.0558303705523
63 72 0.332788956203
63 73 0.0706058510524
63 74 0.0357699587664
63 75 0.0296872384753
64 65 0.0467428003592
64 66 0.121508131268
64 67 0.0560116333252
64 68 0.067552407459
64 69 0.165139793365
64 70 0.0566600756648
64 71 0.108197062538
64 72 0.119095404702
64 73 0.105837539647
64 74 0.028644868856
64 75 0.0582805424535
65 66 0.0163371123203
65 67 0.00570429895863
65 68 0.00627954450421
65 69 0.0194816479896
65 70 0.00805381778921
65 71 0.0177673824032
65 72 0.0141011751409
65 73 0.0283102906031
65 74 0.00454820259494
65 75 0.00725953198746
66 67 0.0755469901402
66 68 0.156301879507
66 69 0.104499218396
66 70 0.100223315282
66 71 0.101274845596
66 72 0.360964755122
66 73 0.0761127431702
66 74 0.0304915626734
66 75 0.0446338779398
67 68 0.0447190839881
67 69 0.0695637315022
67 70 0.726113135036
67 71 0.730134073537
67 72 0.0374279270902
67 73 0.0270768170061
67 74 0.0204960633094
67 75 0.0523398412787
68 69 0.0479828297277
68 70 0.0339007623371
68 71 0.0491417708845
68 72 0.107488172803
68 73 0.0354728019832
68 74 0.0171255595373
68 75 0.0230345976375
69 70 0.0652931171794
69 71 0.186507250575
69 72 0.0944709468937
69 73 0.0485685375545
69 74 0.0515825665533
69 75 0.0633748304835
70 71 0.559306422529
70 72 0.0349902552937
70 73 0.0181620869351
70 74 0.0167343818647
70 75 0.0422170814132
71 72 0.079231054453
71 73 0.0347236311034
71 74 0.07625829851
71 75 0.0700213969197
72 73 0.0774232171762
72 74 0.03722341922
72 75 0.0422267387271
73 74 0.0113208312843
73 75 0.0694573970518
74 75 0.0187673363772
